
-0.5         1.70179            2.07815
-0.48       1.44555            1.76185
-0.46       1.2894              1.56967
-0.44       1.18129            1.43754
-0.42       1.10122            1.34145
-0.4         1.04059            1.26579
-0.39        1.01507           1.23426
-0.38        0.992546         1.20574
-0.37        0.971528         1.18021
-0.36        0.95201           1.15769
-0.35        0.933994          1.13668
-0.34        0.918981          1.11566
-0.33        0.903967          1.09764
-0.32        0.890455          1.08113
-0.31        0.876943          1.06611
-0.30        0.864932          1.0511 
-0.28        0.843913          1.02558
-0.26        0.824396          1.00306
-0.24        0.807881          0.982037
-0.22        0.792868          0.964021
-0.2          0.779356          0.947506 
-0.1          0.72831            0.88445 
-0            0.693779           0.842412 
0.1           0.668721           0.811842 
0.2           0.649705           0.788822 
0.3           0.634693           0.771808 
0.4           0.622683           0.756795 
0.5           0.613675           0.744785 
0.6           0.604668           0.734777 
0.7           0.598662           0.72677 
0.8           0.592657           0.719764
0.9           0.586652           0.712758
1             0.58268              0.707291
1.2           0.574642           0.697746 
1.4           0.568637           0.69074 
1.6           0.563633           0.684735
1.8           0.55963             0.679731
2             0.555656            0.674726