
-7            6.60671            10.3304
-6            6.58669            10.3104
-5            6.56667            10.2503
-4            6.50661            10.1102
-3            6.42653            9.84993
-2.5            6.32644               9.56965
-2.3            6.2864                 9.42951
-2.1            6.20632               9.2093
-2            6.14626            9.08918
-1.5         5.6858              7.94804
-1.3         5.16528            6.92703
-1.1         3.72385            4.66479
-1.05       2.8279              3.43849
-1.03       2.25734            2.71779
-1.01           1.34146            1.60171
-1.005           0.959042              1.13721
-1.003            0.744845             0.882972
-1.001            0.430555             0.512631
-1                    0                          0