0.005                     0.9042309329921978
0.015                     0.9076292144014129
0.025                     0.9134614124122568
0.035                     0.9216985193676847
0.045                     0.9322932815801547
0.055                     0.9451776738329672
0.065                     0.9602631176844151
0.075                     0.9774425974411556
0.085                     0.9965904159932383
0.095                     1.01755405674118
0.105                     1.0401373738721638
0.115                     1.064079250753175
0.125                     1.089032111316769
0.135                     1.114542741624828
0.145                     1.1400376892839201
0.155                     1.164816909084141
0.165                     1.1880602988014857
0.17500000000000002       1.2088510922507052
0.185                     1.226218188268184
0.195                     1.2391964684267591
0.20500000000000002       1.246900688107245
0.215                     1.2486047641471536
0.225                     1.2438153501693388
0.23500000000000001       1.2323275527652362
0.245                     1.2142523524073339
0.255                     1.1900100143481898
0.265                     1.1602902679014435
0.275                     1.1259864458713142
0.28500000000000003       1.0881151621725715
0.295                     1.0477343663082497
0.305                     1.0058707767104131
0.315                     0.9634639118136771
0.325                     0.9213295765892108
0.335                     0.8801419925877427
0.34500000000000003       0.8404313366328091
0.355                     0.8025924260750565
0.365                     0.7669003005144623
0.375                     0.7335291137901326
0.385                     0.7025716743243212
0.395                     0.6740578849911781
0.405                     0.6479711032144831
0.41500000000000004       0.6242620099645084
0.425                     0.6028599555111841
0.435                     0.5836819738684829
0.445                     0.5666397698587838
0.455                     0.5516450192773703
0.465                     0.5386133138068773
0.47500000000000003       0.527467049844326
0.485                     0.5181375197045464
0.495                     0.5105664169534965
0.505                     0.5047069291828005
0.515                     0.5005245551971793
0.525                     0.49799775179157296
0.535                     0.49711849232468447
0.545                     0.49789279583523355
0.555                     0.5003412710271338
0.5650000000000001        0.5044996994994643
0.5750000000000001        0.510419670113739
0.585                     0.5181692585361617
0.595                     0.5278337263107987
0.605                     0.5395161876799492
0.615                     0.5533381606906771
0.625                     0.5694398722917309
0.635                     0.5879801269251522
0.645                     0.6091354658596656
0.655                     0.6330982360779163
0.665                     0.6600730503268654
0.675                     0.6902709469511947
0.685                     0.7239003606100347
0.6950000000000001        0.7611538028720254
0.705                     0.8021889741077238
0.715                     0.8471029485218763
0.725                     0.8958982372126544
0.735                     0.9484401262580545
0.745                     1.0044059681538635
0.755                     1.063229361900822
0.765                     1.1240455394019802
0.775                     1.1856486174036542
0.785                     1.2464757928547554
0.795                     1.3046362385749264
0.805                     1.3580007043510887
0.8150000000000001        1.404358995512742
0.8250000000000001        1.4416358995019578
0.835                     1.4681350877377022
0.845                     1.4827629550965893
0.855                     1.4851798994824108
0.865                     1.4758407330388497
0.875                     1.4559152843265188
0.885                     1.4271128918764062
0.895                     1.3914567641515914
0.905                     1.3510586382124945
0.915                     1.3079327328820987
0.925                     1.2638688422664832
0.935                     1.2203662553784689
0.9450000000000001        1.1786181556836106
0.9550000000000001        1.139531182349189
0.965                     1.1037651566122522
0.975                     1.0717810983435119
0.985                     1.0438895247753337
0.995                     1.0202944618859517
1.0050000000000001        1.0011311310506181
1.0150000000000001        0.9864968908778744
1.025                     0.9764758882206366
1.035                     0.9711582173976706
1.045                     0.9706543799401139
1.055                     0.9751055997780829
1.065                     0.9846901309785161
1.075                     0.9996251036780932
1.085                     1.0201626489898348
1.095                     1.0465779459757374
1.105                     1.0791453632136616
1.115                     1.1180969717383509
1.125                     1.163555482211956
1.135                     1.215431597823713
1.145                     1.273275152402407
1.155                     1.336072965586249
1.165                     1.4019988535220793
1.175                     1.4681491080046516
1.185                     1.5303444378387734
1.195                     1.5831394990726584
1.205                     1.6202193099387132
1.215                     1.6353107937364968
1.225                     1.6235347181818829
1.235                     1.5828067220060735
1.245                     1.5146766838495103
1.2550000000000001        1.4241339134979352
1.2650000000000001        1.3184090484493542
1.2750000000000001        1.2053152980822557
1.285                     1.0918044002925724
1.295                     0.9831417594106485
1.305                     0.8827216324641958
1.315                     0.7923089636062177
1.325                     0.7124588005968476
1.335                     0.6429388808351028
1.345                     0.5830723991824238
1.355                     0.5319822185021967
1.365                     0.488750266838419
1.375                     0.4525104778519502
1.385                     0.42255671650093846
1.395                     0.3983857502032253
1.405                     0.37850944167157036
1.415                     0.364065361541729
1.425                     0.3540714119431437
1.435                     0.3485340755234864
1.445                     0.34768790542638456
1.455                     0.3519653049412684
1.465                     0.3621134401714905
1.475                     0.379316258127684
1.485                     0.40536701749847115
1.495                     0.44290519903061004
1.5050000000000001        0.49567895078356017
1.5150000000000001        0.5686001074626703
1.5250000000000001        0.6667108145728092
1.5350000000000001        0.7904471820445953
1.545                     0.9222508831789995
1.555                     1.0073765295157393
1.565                     0.9721427367901433
1.575                     0.8130326579634963
1.585                     0.6147070685840774
1.595                     0.4482156857746143
1.605                     0.331008080835128
1.615                     0.2549846267497919
1.625                     0.20899894901616103
1.635                     0.1859667552480606
1.645                     0.18498277602543947
1.655                     0.216696244430172
1.665                     0.33118754577340737
1.675                     0.7752795368392617
1.685                     0.9401959573151623
1.695                     0.33730678010145226
1.705                     0.1302592619559578
1.715                     0.17823791832826413
1.725                     0.6804004798991501
1.735                     0.07215965981516537
1.745                     0.08380624024370693
1.7550000000000001        0.05342377912299817
1.7650000000000001        5.993630733115544E-7
1.7750000000000001        3.9330361646262583E-7
1.7850000000000001        4.256113559023475E-7
1.795                     4.548075064925023E-7
1.805                     4.948735293421114E-7
1.815                     5.582592708259427E-7
1.825                     6.70424653568221E-7
1.835                     9.006960800128733E-7
1.845                     1.488176622027447E-6
1.855                     3.484132006804989E-6
1.865                     1.2938633428513353E-5
1.875                     8.102630893262806E-5
1.885                     4.666648067594649E-4
1.895                     3.05295094683051E-4
1.905                     2.106250266838612E-4
1.915                     1.9404062128251098E-4
1.925                     2.049199351450158E-4
1.935                     2.4282562938637356E-4
1.945                     2.925869971947212E-4
1.955                     3.504675979309022E-4
1.965                     4.3347031771867763E-4
1.975                     5.399945614932612E-4
1.985                     6.752128726100322E-4
1.995                     8.464116395030945E-4
2.005                     0.001062391731809782
2.015                     0.001334392094403869
2.025                     0.0016768047536032608
2.035                     0.0021081025248504306
2.045                     0.0026521055102831695
2.055                     0.0033397045744862283
2.065                     0.004211218155162088
2.075                     0.005319642481324422
2.085                     0.006735178266043881
2.095                     0.008551598864119795
2.105                     0.010895303073424078
2.115                     0.01393832823293012
2.125                     0.017917273922684593
2.1350000000000002        0.023161144938435494
2.145                     0.030132788252889346
2.1550000000000002        0.03949121013557453
2.165                     0.05218607670335228
2.1750000000000003        0.06960158901181852
2.185                     0.09377455301966998
2.195                     0.12771795092747484
2.205                     0.17587421613351661
2.215                     0.24466060306704462
2.225                     0.34283824358943044
2.235                     0.4807904619942107
2.245                     0.6665086638955023
2.255                     0.8952729025065416
2.265                     1.1353167482912898
2.275                     1.3282436524324928
2.285                     1.4238338625426685
2.295                     1.418467718241859
2.305                     1.347586875381351
2.315                     1.2512579737834628
2.325                     1.1553191480251173
2.335                     1.0715426756965907
2.345                     1.0034198277303812
2.355                     0.9507006125230778
2.365                     0.9118265212767406
2.375                     0.8850099704404074
2.3850000000000002        0.8686400585325773
2.395                     0.8613929841865103
2.4050000000000002        0.8622252213272326
2.415                     0.8703259196197931
2.4250000000000003        0.8850586911750122
2.435                     0.9059031088046496
2.445                     0.9323983043208355
2.455                     0.9640883846474159
2.465                     1.0004691417159344
2.475                     1.0409365655327423
2.485                     1.084739498967161
2.495                     1.130941078306738
2.505                     1.178395926577171
2.515                     1.2257516361393843
2.525                     1.2714828242574912
2.535                     1.3139628840678066
2.545                     1.3515719836202043
2.555                     1.3828307060584792
2.565                     1.4065394912000724
2.575                     1.4218984055591237
2.585                     1.4285829432125383
2.595                     1.4267603330160405
2.605                     1.41704462698303
2.615                     1.400402739307162
2.625                     1.3780327850719751
2.6350000000000002        1.351238161572373
2.645                     1.3213165902597956
2.6550000000000002        1.2894756603981237
2.665                     1.2567784661200494
2.6750000000000003        1.2241168818668282
2.685                     1.1922066459724239
2.695                     1.16159741876962
2.705                     1.1326915586446344
2.715                     1.105766701639122
2.725                     1.0809987375017054
2.735                     1.058483103698335
2.745                     1.0382533357810708
2.755                     1.0202965078310096
2.765                     1.0045656261340075
2.775                     0.9909892701660974
2.785                     0.9794788756566157
2.795                     0.969934074294011
2.805                     0.9622464802386914
2.815                     0.9563022700936382
2.825                     0.9519838527627663
2.835                     0.9491708782079877
2.845                     0.9477407926998228
2.855                     0.9475691136821615
2.865                     0.9485295699801284
2.875                     0.9504942313412265
2.8850000000000002        0.9533337323718647
2.895                     0.9569176776256866
2.9050000000000002        0.9611152919472208
2.915                     0.9657963517364779
2.9250000000000003        0.9708323976738161
2.935                     0.9760981932265301
2.945                     0.9814733638303321
2.955                     0.9868441364732135
2.965                     0.9921050991603863
2.975                     0.997160906389586
2.985                     1.0019278621982535
2.995                     1.0063353110818154
3.005                     1.0103267631359285
3.015                     1.013860680371505
3.025                     1.016910861211492
3.035                     1.019466381159709
3.045                     1.0215310762006262
3.055                     1.0231225862029782
3.065                     1.024271004518736
3.075                     1.0250172027574123
3.085                     1.0254109146283164
3.095                     1.0255086697298068
3.105                     1.025371666940178
3.115                     1.0250636691164816
3.125                     1.0246489887891166
3.1350000000000002        1.0241906188132714
3.145                     1.0237485463838463
3.1550000000000002        1.02337827281717
3.165                     1.023129548509185
3.1750000000000003        1.0230453215238975
3.185                     1.0231608905237173
3.1950000000000003        1.0235032484082045
3.205                     1.0240906011752
3.215                     1.0249320474596406
3.225                     1.026027406948831
3.235                     1.0273671899205048
3.245                     1.0289327052751653
3.255                     1.0306963090624177
3.265                     1.0326217985191224
3.275                     1.034664951202101
3.285                     1.0367728380340828
3.295                     1.0388572435166303
3.305                     1.0409600460169788
3.315                     1.0429089634790591
3.325                     1.0446425483327153
3.335                     1.046139284119803
3.345                     1.0473039958580188
3.355                     1.0480806210754792
3.365                     1.0483677201991994
3.375                     1.0481773146105944
3.3850000000000002        1.0474261866924597
3.395                     1.0460841617836836
3.4050000000000002        1.0441282320456815
3.415                     1.041547761664404
3.4250000000000003        1.03833699692696
3.435                     1.0345280569192223
3.4450000000000003        1.0301369489331649
3.455                     1.0252073897895868
3.465                     1.0197924507321865
3.475                     1.0139554839181681
3.485                     1.0077686859009907
3.495                     1.0013108622546945
3.505                     0.9946629056434185
3.515                     0.9879352237720809
3.525                     0.9811922402225054
3.535                     0.9745357845976055
3.545                     0.9680561604370537
3.555                     0.9618416100163393
3.565                     0.9559772303955205
3.575                     0.9505441547110215
3.585                     0.9456188975410708
3.595                     0.9412725836570236
3.605                     0.937565925104653
3.615                     0.9346012621418941
3.625                     0.9323655386449288
3.6350000000000002        0.9309495956566605
3.645                     0.9303910434794909
3.6550000000000002        0.9307262253324532
3.665                     0.9319852793568585
3.6750000000000003        0.9341917375474191
3.685                     0.9373625265773464
3.6950000000000003        0.9415079852753157
3.705                     0.9466316872985051
3.715                     0.952729864966493
3.725                     0.959789010680596
3.735                     0.9678098389462588
3.745                     0.9767230110568973
3.755                     0.9865141868017022
3.765                     0.9971250516047266
3.775                     1.0084881082336725
3.785                     1.020521346403581
3.795                     1.0331269520017903
3.805                     1.0461904711794467
3.815                     1.0595803779795476
3.825                     1.0731481380051766
3.835                     1.086728796718828
3.845                     1.1001408510967383
3.855                     1.1132190399868669
3.865                     1.1257098186588668
3.875                     1.137447609406857
3.8850000000000002        1.1482210928357905
3.895                     1.1578336565200862
3.9050000000000002        1.1661030854776302
3.915                     1.1728680650258827
3.9250000000000003        1.1779947321006494
3.935                     1.1813826514340415
3.9450000000000003        1.1829763750424422
3.955                     1.1827308014616005
3.9650000000000003        1.1806934740990351
3.975                     1.1769185458648166
3.985                     1.1715100985045026
3.995                     1.1646081274074218
4.005                     1.15638342251956
4.015                     1.147031393822919
4.025                     1.1367653749550701
4.035                     1.1258098237550787
4.045                     1.1143937979220044
4.055                     1.102745042391745
4.065                     1.0910849651478565
4.075                     1.0796246813420154
4.085                     1.0685621774180465
4.095                     1.058080521648628
4.105                     1.0483469611332277
4.115                     1.039512707986656
4.125                     1.0317132155374096
4.135                     1.0250687574934034
4.1450000000000005        1.0196851362909896
4.155                     1.0156543554313238
4.165                     1.0130550937234821
4.175                     1.0119528167008829
4.1850000000000005        1.012399351087636
4.195                     1.0144317313605478
4.205                     1.0180701016156313
4.215                     1.0233144217794798
4.225                     1.0301396848502231
4.235                     1.0384893060023257
4.245                     1.0482663014888978
4.255                     1.0593218493878092
4.265                     1.0714408417963972
4.275                     1.0843241545212208
4.285                     1.0975677057805013
4.295                     1.1106392539274026
4.305                     1.1228558298565674
4.315                     1.1333678292992473
4.325                     1.1411573327467457
4.335                     1.145052364712302
4.345                     1.143751125989157
4.355                     1.1358623774347854
4.365                     1.1199876149264338
4.375                     1.0948570066375967
4.385                     1.0594994555250499
4.3950000000000005        1.0134095534496104
4.405                     0.9566660103084976
4.415                     0.8899509716504307
4.425                     0.8144223679758787
4.4350000000000005        0.7314040046661597
4.445                     0.641889615324756
4.455                     0.546104505240373
4.465                     0.44665097334867093
4.4750000000000005        0.4669973024940012
4.485                     1.5339122783909973
4.495                     70.02369232821158
4.505                     25.144592420708896
4.515                     3.334849678164512
4.525                     2.57539336919504
4.535                     4.53731055875677
4.545                     12.092858205685976
4.555                     9.912047075688571
4.565                     3.8629305372429723
4.575                     9.962997758348513
4.585                     11.903341491802767
4.595                     7.564061612712347
4.605                     1.9463672898210846
4.615                     2.3653710381311517
4.625                     3.9253825250150842
4.635                     4.430425104200105
4.6450000000000005        3.71944985226322
4.655                     2.030579543215657
4.665                     1.1493931044500643
4.675                     1.1728650971325774
4.6850000000000005        1.2342540764600083
4.695                     1.138346006497381
4.705                     1.030053679674175
4.715                     1.032345700877537
4.7250000000000005        1.0527325263609093
4.735                     1.0058765695656946
4.745                     0.9536726663007405
4.755                     1.0818016839544722
4.765                     1.5050085191000075
4.775                     2.000160827075255
4.785                     2.2612359618084765
4.795                     2.2240583142956942
4.805                     1.9630084757804904
4.815                     1.5803490950528463
4.825                     1.2218903255903915
4.835                     1.1096780545920852
4.845                     1.4371748090660623
4.855                     2.11868761071097
4.865                     2.8060589083754595
4.875                     3.2315609836347643
4.885                     3.3379477643369753
4.8950000000000005        3.1731620633239275
4.905                     2.8132929302484073
4.915                     2.3678725860975964
4.925                     2.0006859766458374
4.9350000000000005        1.8654374170518688
4.945                     1.9761307759761508
4.955                     2.2121018004794673
4.965                     2.449821441810274
4.9750000000000005        2.62737168028217
4.985                     2.7045668475776967
4.995                     2.750925257752131
5.005                     2.7807706733094086
5.015                     2.720038723500747
5.025                     2.6164147319649853
5.035                     2.503744494697219
5.045                     2.4170306788880103
5.055                     2.3633710750948707
5.065                     2.3252323538252058
5.075                     2.2836279064117684
5.085                     2.226981247448431
5.095                     2.14931977694108
5.105                     2.0483116787699873
5.115                     1.9264374096075976
5.125                     1.795489474378303
5.135                     1.6819264361985133
5.1450000000000005        1.6244790687216903
5.155                     1.653818981286296
5.165                     1.7655129013438389
5.175                     1.9194830953783595
5.1850000000000005        2.0680096798933656
5.195                     2.177698027357584
5.205                     2.2309579605526717
5.215                     2.2187819338868544
5.2250000000000005        2.135898931476764
5.235                     1.9817080734268093
5.245                     1.7665064117766365
5.255                     1.5187446476517472
5.265                     1.2838842874167227
5.275                     1.1078657835361012
5.285                     1.0149490499798295
5.295                     1.0000549931683655
5.305                     1.0396757647135162
5.315                     1.1072283756830925
5.325                     1.1817160863621086
5.335                     1.2493300170427541
5.345                     1.301787341868709
5.355                     1.3341646102277132
5.365                     1.3433262575395999
5.375                     1.3272567055157252
5.385                     1.2854358126357925
5.3950000000000005        1.2202877796601515
5.405                     1.1391014292667467
5.415                     1.0545408653272335
5.425                     0.9814964938436203
5.4350000000000005        0.9309664283669461
5.445                     0.9057056195027103
5.455                     0.901141586649314
5.465                     0.9096227773669733
5.4750000000000005        0.9240965276205665
5.485                     0.9396554417418279
5.495                     0.9535633936828726
5.505                     0.9647401787344738
5.515                     0.9732452940075271
5.525                     0.9798946002764981
5.535                     0.9859328100315407
5.545                     0.9926212990207929
5.555                     1.0006871694407908
5.565                     1.0098112864426845
5.575                     1.018461169810761
5.585                     1.023862261301746
5.595                     1.018427057159088
5.605                     0.9265158658626191
5.615                     1.010243462720575
5.625                     1.0136741353544416
5.635                     1.0014956335418543
5.6450000000000005        0.9837109675636354
5.655                     0.9625990513414748
5.665                     0.9403863519834302
5.675                     0.9204654810739692
5.6850000000000005        0.9078470337697468
5.695                     0.908590576787969
5.705                     0.9274288142634316
5.715                     0.9641356884457284
5.7250000000000005        1.011817880795845
5.735                     1.0598872817756502
5.745                     1.0993530190893106
5.755                     1.125699800956575
5.765                     1.1383124895128525
5.775                     1.138580146919627
5.785                     1.1284074450021935
5.795                     1.1094975500777076
5.805                     1.0831633850782358
5.815                     1.0504043355209853
5.825                     1.012113554440066
5.835                     0.9693832896968079
5.845                     0.9239280948595096
5.855                     0.8786459793494031
5.865                     0.8382541955938556
5.875                     0.8097102980885769
5.885                     0.8017683157762128
5.8950000000000005        0.8228549597188569
5.905                     0.8772639360309473
5.915                     0.961705050038233
5.925                     1.0653971010448224
5.9350000000000005        1.1744056794310453
5.945                     1.2769559110468456
5.955                     1.3661574566737584
5.965                     1.4396646024681499
5.9750000000000005        1.4979165468699107
5.985                     1.5424239191216564
5.995                     1.5746216322535633
6.005                     1.5952351195343761
6.015000000000001         1.60401905990757
6.025                     1.5999852310664926
6.035                     1.582839268776094
6.045                     1.5567983320775904
6.055                     1.5349630461412904
6.065                     1.5340044137701607
6.075                     1.5572299342371403
6.085                     1.5919570585642582
6.095                     1.6246226605259222
6.105                     1.648647096199508
6.115                     1.6625121601691728
6.125                     1.666685837384981
6.135                     1.6620956037130314
6.1450000000000005        1.6496385906565656
6.155                     1.63009657562401
6.165                     1.6041646948325312
6.175                     1.5724931983636579
6.1850000000000005        1.5357151762418304
6.195                     1.4944585350497626
6.205                     1.449350557356844
6.215                     1.4010326472105614
6.2250000000000005        1.350222429776464
6.235                     1.2979015451028335
6.245                     1.2456599361392346
6.255                     1.1931728259096914
6.265000000000001         1.004036440200507
6.275                     1.167900372365071
6.285                     2.100409326494755
6.295                     2.171501723076339
6.305                     1.7727950719119496
6.315                     1.5233651043679455
6.325                     1.3755523749497156
6.335                     1.2781531351840094
6.345                     1.2080307041473555
6.355                     1.154440055077412
6.365                     1.1119218625503327
6.375                     1.0774520490079498
6.385                     1.0492217134686461
6.3950000000000005        1.0261432489333933
6.405                     1.0074223926577264
6.415                     0.9924486959365524
6.425                     0.9808376521712199
6.4350000000000005        0.972254106145531
6.445                     0.9663998074286853
6.455                     0.9629868369304437
6.465                     0.9617094704154022
6.4750000000000005        0.9622111232732167
6.485                     0.9640391051428607
6.495                     0.9665742841916318
6.505                     0.9689094088225976
6.515000000000001         0.9696178073052673
6.525                     0.966277687996466
6.535                     0.9544730162898444
6.545                     0.9263718234574929
6.555                     0.8800730401345076
6.565                     0.9239835211177391
6.575                     1.1045994979744544
6.585                     1.166542070425985
6.595                     1.1706676190572654
6.605                     1.1451328593231964
6.615                     0.6746766769551735
6.625                     0.9539697877187009
6.635                     1.0650684120583995
6.6450000000000005        1.0625862075479735
6.655                     0.9938294629429274
6.665                     0.2291062287905756
6.675                     0.9553022238663437
6.6850000000000005        0.9136729720735965
6.695                     0.8717645573447921
6.705                     0.9636061452219095
6.715                     0.7175681028775491
6.7250000000000005        0.6418659478562639
6.735                     0.5215126192407831
6.745                     0.41233175988356363
6.755                     0.632157805047375
6.765000000000001         0.7464630518208327
6.775                     0.7386495846837953
6.785                     0.7137235030815168
6.795                     0.6916279909581851
6.805                     0.6768393695156415
6.815                     0.6723696859812094
6.825                     0.6832033991861156
6.835                     0.71739613121175
6.845                     0.7762513591128598
6.855                     0.8159305980809389
6.865                     0.7831264884325844
6.875                     0.7194971073861003
6.885                     0.6867778283015387
6.8950000000000005        0.6915778063270328
6.905                     0.7105004475730815
6.915                     0.741766554149898
6.925                     0.7867406841440175
6.9350000000000005        0.8470618930989497
6.945                     0.924261865089176
6.955                     1.0188502851516439
6.965                     1.1288139459023712
6.9750000000000005        1.2479612658541333
6.985                     1.3652005895059869
6.995                     1.4722989593372007
7.005                     1.5860370394974999
7.015000000000001         1.692491975463468
7.025                     1.7944103777168126
7.035                     1.9055853728863588
7.045                     2.0355703894645356
7.055                     2.1884586884522985
7.065                     2.3610892656011075
7.075                     2.540188510948715
7.085                     2.699722098213626
7.095                     2.8022932175220845
7.105                     2.809551845582223
7.115                     2.700696836648894
7.125                     2.4861557144578006
7.135                     2.2029078197175473
7.1450000000000005        1.9046986492580769
7.155                     1.6301493359581603
7.165                     1.3852570208821793
7.175                     1.178737698834292
7.1850000000000005        1.0103071351276294
7.195                     0.8096401230785983
7.205                     0.7864210421324896
7.215                     0.7400546682326882
7.2250000000000005        0.7345357447455707
7.235                     0.794845416539463
7.245                     0.9530567102629718
7.255                     1.2294147776691116
7.265000000000001         1.5460985953437596
7.275                     1.734915665587777
7.285                     1.7673151949494224
7.295                     1.687362749022198
7.305                     1.5983477926561784
7.315                     1.5379569709905752
7.325                     1.5095582704376456
7.335                     1.5013703827476113
7.345                     1.4930858038692338
7.355                     1.4661357414982445
7.365                     1.4284570201629587
7.375                     1.432310599399943
7.385                     1.552354708210257
7.3950000000000005        1.846985684039834
7.405                     2.3012217577959553
7.415                     2.6652407909050355
7.425                     2.4839913969766885
7.4350000000000005        1.8323386157773693
7.445                     1.2050180994579338
7.455                     0.7815482042822028
7.465                     0.520930055827013
7.4750000000000005        0.3603398632815123
7.485                     0.25840956400245696
7.495                     0.1913979157267503
7.505                     0.14585554952364493
7.515000000000001         0.11399093124290231
7.525                     0.09114485323402004
7.535                     0.07444154844140573
7.545                     0.06205793065352688
7.555                     0.052827564274233636
7.565                     0.045774076174438294
7.575                     0.04082637883872956
7.585                     0.03741273285941006
7.595                     0.03547626745918508
7.605                     0.03528682111801275
7.615                     0.03724183386293828
7.625                     0.042589792961346795
7.635                     0.05122120545091054
7.6450000000000005        0.05948928121979646
7.655                     0.05629641947688304
7.665                     0.04222870733070562
7.675                     0.02948185534679114
7.6850000000000005        0.0218843178307964
7.695                     0.01706575118777822
7.705                     0.01403746558620419
7.715                     0.012066153249584158
7.7250000000000005        0.010733105788294527
7.735                     0.009809240291769014
7.745                     0.009142764650905617
7.755                     0.008577527255836846
7.765000000000001         0.008154390696569463
7.775                     0.007925520287196874
7.785                     0.007825419196479453
7.795                     0.00782783071770299
7.805000000000001         0.007934588051212417
7.815                     0.008175452583001792
7.825                     0.008580811279037688
7.835                     0.009111920197785615
7.845                     0.009751904578715425
7.855                     0.010521838195736566
7.865                     0.011389071350567768
7.875                     0.012058649158163024
7.885                     0.013303371851426724
7.8950000000000005        0.014744182260990639
7.905                     0.015452241171983275
7.915                     0.015318473552595458
7.925                     0.014196047438702631
7.9350000000000005        0.012209111183237151
7.945                     0.009836221169942372
7.955                     0.007644458867439887
7.965                     0.005963850473093706
7.9750000000000005        0.0042573332811583296
7.985                     0.003129892419369891
7.995                     0.0023011032028879357
8.005                     0.001687800278951685
8.015                     0.0012414655307446522
8.025                     9.478805797913704E-4
8.035                     7.414576435844747E-4
8.045                     5.698968158763846E-4
8.055                     4.96633618376557E-4
8.065                     4.819294846753142E-4
8.075                     5.186779880190948E-4
8.085                     6.036154536213469E-4
8.095                     7.308575204310941E-4
8.105                     8.917109918693539E-4
8.115                     0.0010837761587847996
8.125                     0.0011745230570657057
8.135                     0.0011058865053428792
8.145                     0.001038161317316087
8.155                     0.001015863285444908
8.165000000000001         8.775547945320764E-4
8.175                     7.793706294144959E-4
8.185                     7.33446211866177E-4
8.195                     6.924576263180667E-4
8.205                     6.33411985451455E-4
8.215                     5.774452169922987E-4
8.225                     5.421392353608084E-4
8.235                     5.118649033582203E-4
8.245000000000001         4.860925764202857E-4
8.255                     4.6445659836124334E-4
8.265                     4.4660533841486323E-4
8.275                     4.321937823225185E-4
8.285                     4.208732421987591E-4
8.295                     4.122715974877511E-4
8.305                     4.0596135011898874E-4
8.315                     4.0141424739178957E-4
8.325                     3.979424871555466E-4
8.335                     3.946269859959599E-4
8.345                     3.9022831925237064E-4
8.355                     3.830574957451122E-4
8.365                     3.707597453563387E-4
8.375                     3.500449775153065E-4
8.385                     3.16936166681257E-4
8.395                     2.691941886739604E-4
8.405                     2.1130938783323568E-4
8.415000000000001         1.5521662285440356E-4
8.425                     1.1134777482270105E-4
8.435                     8.189360166782531E-5
8.445                     6.375054516705301E-5
8.455                     5.3114456662746944E-5
8.465                     4.720680712698013E-5
8.475                     4.457849642139423E-5
8.485                     4.465185926004397E-5
8.495000000000001         4.711892648385509E-5
8.505                     5.169141648583999E-5
8.515                     5.7840440878333836E-5
8.525                     6.432865965637135E-5
8.535                     6.843683711131492E-5
8.545                     6.503730757715464E-5
8.555                     4.7577742239594015E-5
8.565                     2.4845444215010262E-5
8.575000000000001         1.4635498734950472E-4
8.585                     0.0017135288463183168
8.595                     0.01965824247982885
8.605                     0.4497133411592087
8.615                     0.29681018062475617
8.625                     0.1828481837979426
8.635                     0.19844414747196032
8.645                     0.279760275746722
8.655                     0.4569982174073755
8.665000000000001         0.7756862118639376
8.675                     1.1350012883473504
8.685                     1.2338846001276946
8.695                     1.1048478659090077
8.705                     0.9680953630713125
8.715                     0.89593309826631
8.725                     0.8896657788809622
8.735                     0.9441588873265827
8.745000000000001         1.0597809233496214
8.755                     1.237975735867839
8.765                     1.4650539262496804
8.775                     1.682447031865486
8.785                     1.7781127673283945
8.795                     1.6730130838948825
8.805                     1.421278531195901
8.815                     1.1409942345580062
8.825000000000001         0.9030112901770144
8.835                     0.7224325732260651
8.845                     0.5907039419629458
8.855                     0.49513218619964633
8.865                     0.42506284924771354
8.875                     0.3726775079695161
8.885                     0.33238628224384714
8.895                     0.30008392439694503
8.905                     0.27256007300202933
8.915000000000001         0.24709489358378534
8.925                     0.2212456532692166
8.935                     0.19287275156040434
8.945                     0.16049075645780975
8.955                     0.1239688926709021
8.965                     0.08534682844946956
8.975                     0.04916959992044229
8.985                     0.02176117969232648
8.995000000000001         0.00961143965156872
9.005                     0.01782730148135353
9.015                     0.04924979445917227
9.025                     0.10371470291459958
9.035                     0.17659141454908883
9.045                     0.2567162119361192
9.055                     0.29671702085613855
9.065                     0.3987913829981844
9.075000000000001         0.4205851639894624
9.085                     0.6940338477152032
9.095                     0.4421593673027197
9.105                     0.4010224488879609
9.115                     0.42580464311153643
9.125                     0.5773144720836101
9.135                     0.3790274679910963
9.145                     0.5868111815480742
9.155                     0.3854232941899903
9.165000000000001         0.44375400572307944
9.175                     0.5754790303734669
9.185                     0.4418158232358574
9.195                     0.5283673889354757
9.205                     0.5228587393744721
9.215                     0.5797752770306175
9.225                     0.6466682832848628
9.235                     0.7357408268217069
9.245000000000001         0.8476373220063508
9.255                     0.9778105139573838
9.265                     1.1090286512779606
9.275                     1.205653636753374
9.285                     1.2247994647520855
9.295                     1.1523292008125505
9.305                     1.0173758838545301
9.315                     0.858451955471422
9.325000000000001         0.7059359194910593
9.335                     0.5767507971490158
9.345                     0.47455273650999885
9.355                     0.39629173919708777
9.365                     0.33719466260730296
9.375                     0.2928697615498535
9.385                     0.2598567166102456
9.395                     0.23560316574331638
9.405                     0.21829344540221013
9.415000000000001         0.20666739381880667
9.425                     0.19985507116281231
9.435                     0.1972047870994445
9.445                     0.19804232207523784
9.455                     0.20125338327393524
9.465                     0.20458997929210307
9.475                     0.20397023729382527
9.485                     0.1943034732318628
9.495000000000001         0.17425399160402508
9.505                     0.15314232062515015
9.515                     0.16192499321010173
9.525                     0.4322215093403017
9.535                     0.02438131788842246
9.545                     0.02674641886735516
9.555                     0.12463812135034046
9.565                     1.134326135426604
9.575000000000001         0.13864327579622068
9.585                     0.07532632205969808
9.595                     0.06997239148706355
9.605                     0.08454641873103805
9.615                     0.11998283161396509
9.625                     0.18980297983800634
9.635                     0.31688276625927436
9.645                     0.5121397495897361
9.655                     0.7308425102644271
9.665000000000001         0.8954546000178737
9.675                     0.9599698404800213
9.685                     0.9112396899279844
9.695                     0.7768570053646222
9.705                     0.5247832367447528
9.715                     0.28234764424761244
9.725                     0.17262480118963183
9.735                     0.1200904908481802
9.745000000000001         0.08986512188574619
9.755                     0.07059355847827464
9.765                     0.05757269035703912
9.775                     0.04843945742256007
9.785                     0.041866573958169444
9.795                     0.03705616415740445
9.805                     0.03350538455516132
9.815                     0.030885061340550673
9.825000000000001         0.028971542529582374
9.835                     0.02760530885600729
9.845                     0.026663084679178307
9.855                     0.02603606908509838
9.865                     0.025610109695145555
9.875                     0.02524674517142211
9.885                     0.024769344825081432
9.895                     0.023967220946552556
9.905                     0.022637295879249814
9.915000000000001         0.02066959457339981
9.925                     0.018134638881519463
9.935                     0.015288947849442455
9.945                     0.012466454207016213
9.955                     0.009938816769587766
9.965                     0.007845809636650864
9.975                     0.0062090246528415955
9.985                     0.004981703358603686
9.995000000000001         0.0040933644802851835
