0.005                     1.9414593693362594
0.015                     0.7818710235450573
0.025                     0.8836128124395801
0.035                     0.7519653041123925
0.045                     0.6232341332202276
0.055                     0.633069820059703
0.065                     0.6892468964943962
0.075                     0.6785401649489857
0.085                     0.6106162597853309
0.095                     0.5606111383300526
0.105                     0.550579532345081
0.115                     0.5670026781201157
0.125                     0.5859474248909674
0.135                     0.5900921835301769
0.145                     0.5802868597742534
0.155                     0.56727001722685
0.165                     0.5576439569944021
0.17500000000000002       0.5506102029717659
0.185                     0.5422555809368039
0.195                     0.5306791105640005
0.20500000000000002       0.5179992915982551
0.215                     0.5086225039357549
0.225                     0.5065000888854593
0.23500000000000001       0.5136687358083861
0.245                     0.529993680487701
0.255                     0.5532607977467066
0.265                     0.579377363546412
0.275                     0.603060103956474
0.28500000000000003       0.6193153354767535
0.295                     0.6252081262131259
0.305                     0.6207600114665162
0.315                     0.6083685643618553
0.325                     0.5913767826503751
0.335                     0.5728439928648847
0.34500000000000003       0.5550007114520515
0.355                     0.5392471518033551
0.365                     0.5263750347313334
0.375                     0.5167937771506984
0.385                     0.51067787579188
0.395                     0.5080309247768579
0.405                     0.5086894598302528
0.41500000000000004       0.5122932839485891
0.425                     0.5182470765549376
0.435                     0.5256993007239765
0.445                     0.533567922225612
0.455                     0.5406400217114802
0.465                     0.5457530373627925
0.47500000000000003       0.5480261420473957
0.485                     0.5470683939018786
0.495                     0.543079291131932
0.505                     0.536797656220062
0.515                     0.5293252102751799
0.525                     0.5219024681658421
0.535                     0.5157157146326623
0.545                     0.5117765890688167
0.555                     0.5108734493621925
0.5650000000000001        0.5135687385371145
0.5750000000000001        0.5202111824993443
0.585                     0.5309373233096748
0.595                     0.5456458291207877
0.605                     0.5639375676739847
0.615                     0.5850265033665916
0.625                     0.607644865144926
0.635                     0.6299918951788909
0.645                     0.6498001444516633
0.655                     0.6645920842114833
0.665                     0.6721404091391628
0.675                     0.6710244143000196
0.685                     0.6610602551843053
0.6950000000000001        0.6433884698129866
0.705                     0.6201670498444563
0.715                     0.5940277009146784
0.725                     0.5675424043744995
0.735                     0.5428754787020311
0.745                     0.521658769234809
0.755                     0.5050299752488012
0.765                     0.4937466806739322
0.775                     0.4883040148245379
0.785                     0.48900639254400297
0.795                     0.49595345347879205
0.805                     0.5088930303328858
0.8150000000000001        0.526880672729288
0.8250000000000001        0.5477068626851797
0.835                     0.5672109007223429
0.845                     0.5790275216008766
0.855                     0.5758492875398168
0.865                     0.5528779412412301
0.875                     0.5116728475670212
0.885                     0.46055915993437757
0.895                     0.41077005094982016
0.905                     0.37245900547891475
0.915                     0.35448653693712423
0.925                     0.3690159689979887
0.935                     0.44176482223773483
0.9450000000000001        0.5956486424469052
0.9550000000000001        0.5334147344846554
0.965                     0.26571287638225294
0.975                     0.5738996282870554
0.985                     0.1897744858810424
0.995                     9.818184717478443E-10
1.0050000000000001        8.205774012418402E-8
1.0150000000000001        6.306727201411121E-8
1.025                     1.8698095121324638E-5
1.035                     3.776115655499116E-5
1.045                     8.112601756575672E-6
1.055                     1.2033453673594983E-7
1.065                     1.1352469906754549E-5
1.075                     3.8024584124965425E-5
1.085                     7.292706845884469E-5
1.095                     1.029937787866024E-4
1.105                     1.0874897700556817E-4
1.115                     7.056710948606793E-5
1.125                     5.12471931415974E-6
1.135                     1.3340026756609316E-4
1.145                     0.0016585184933143764
1.155                     0.010460375618281925
1.165                     6.785985547943491E-4
1.175                     0.7186976713243325
1.185                     0.684719304971468
1.195                     0.47585819485872094
1.205                     0.4414347265032921
1.215                     0.4966989853316456
1.225                     0.624989576422582
1.235                     0.7975710392398553
1.245                     0.8691811531929452
1.2550000000000001        0.7163454327046852
1.2650000000000001        0.5509702361294972
1.2750000000000001        0.7800935542665726
1.285                     0.5698236836748394
1.295                     0.31654669397660823
1.305                     0.4474607795274187
1.315                     0.6034132326669406
1.325                     0.6220526747643129
1.335                     0.5804091067472285
1.345                     0.5961920551408909
1.355                     0.625287798825947
1.365                     0.6469622724617671
1.375                     0.6558506981642758
1.385                     0.6540032859735897
1.395                     0.6457011895906742
1.405                     0.6348087734661478
1.415                     0.6239763277349777
1.425                     0.6147235227353909
1.435                     0.6077632809980223
1.445                     0.6032997026361252
1.455                     0.6012369192041938
1.465                     0.6013093292256059
1.475                     0.6031587082595701
1.485                     0.6063799895072783
1.495                     0.6105505153474079
1.5050000000000001        0.6152516322268937
1.5150000000000001        0.6200872490816884
1.5250000000000001        0.6247010845462863
1.5350000000000001        0.628792413559453
1.545                     0.6321290606753479
1.555                     0.6345560762022034
1.565                     0.6359988432051895
1.575                     0.6364601253790055
1.585                     0.6360115061619313
1.595                     0.6347805266284796
1.605                     0.6329352056937964
1.615                     0.6306680548109379
1.625                     0.6281811441677638
1.635                     0.6256729569388604
1.645                     0.6233286395111606
1.655                     0.6213126233763108
1.665                     0.6197640779831433
1.675                     0.6187944711334751
1.685                     0.618486719706494
1.695                     0.6188954731705686
1.705                     0.6200480406287671
1.715                     0.6219457131978582
1.725                     0.6245652791743289
1.735                     0.6278606641027648
1.745                     0.6317647120590654
1.7550000000000001        0.6361911870080175
1.7650000000000001        0.6410371086931184
1.7750000000000001        0.6461855442669977
1.7850000000000001        0.6515089528788931
1.795                     0.6568731289627994
1.805                     0.6621417173583962
1.815                     0.6671811597948992
1.825                     0.6718658935621783
1.835                     0.6760834798477612
1.845                     0.67973928154056
1.855                     0.6827603928614606
1.865                     0.6850984498258592
1.875                     0.6867311082782106
1.885                     0.6876620760249238
1.895                     0.6879197313808952
1.905                     0.6875544928555299
1.915                     0.6866352113861821
1.925                     0.6852449215868663
1.935                     0.6834763059221781
1.945                     0.6814272015309073
1.955                     0.6791964218238702
1.965                     0.6768800895783392
1.975                     0.6745685978166607
1.985                     0.6723442417632983
1.995                     0.6702795053456632
2.005                     0.6684359441403915
2.015                     0.6668635819315005
2.025                     0.6656007289385406
2.035                     0.664674131243404
2.045                     0.6640993728305429
2.055                     0.6638814635524569
2.065                     0.6640155650765778
2.075                     0.6644878204605233
2.085                     0.6652762677079256
2.095                     0.6663518266817784
2.105                     0.6676793569578534
2.115                     0.6692187862926255
2.125                     0.6709263092735624
2.1350000000000002        0.6727556518407869
2.145                     0.6746593911188498
2.1550000000000002        0.6765903116496981
2.165                     0.6785027700477788
2.1750000000000003        0.6803540320517747
2.185                     0.6821055378527893
2.195                     0.6837240487107793
2.205                     0.6851826260129836
2.215                     0.6864613983776079
2.225                     0.6875480795273857
2.235                     0.6884382115838515
2.245                     0.6891351222219659
2.255                     0.6896495995874554
2.265                     0.6899993046247105
2.275                     0.6902079530202418
2.285                     0.690304310735065
2.295                     0.6903210531363133
2.305                     0.6902935406952927
2.315                     0.6902585634667769
2.325                     0.6902531017172858
2.335                     0.6903131435574058
2.345                     0.6904725923904934
2.355                     0.6907622878910712
2.365                     0.691209157192637
2.375                     0.6918355047666902
2.3850000000000002        0.6926584452755082
2.395                     0.6936894789757228
2.4050000000000002        0.6949342077755974
2.415                     0.6963921888232544
2.4250000000000003        0.6980569229855894
2.435                     0.6999159758011578
2.445                     0.7019512301090509
2.455                     0.7041392688357289
2.465                     0.7064518869635252
2.475                     0.708856729826323
2.485                     0.7113180520892491
2.495                     0.7137975879853887
2.505                     0.7162555181607637
2.515                     0.7186515126326465
2.525                     0.720945823225967
2.535                     0.7231003930296886
2.545                     0.7250799457693601
2.555                     0.7268530148922241
2.565                     0.7283928716913332
2.575                     0.7296783139912464
2.585                     0.7306942812474002
2.595                     0.7314322704519576
2.605                     0.7318905359872174
2.615                     0.7320740680606399
2.625                     0.7319943555162396
2.6350000000000002        0.7316689496261597
2.645                     0.7311208547991139
2.6550000000000002        0.7303777787043241
2.665                     0.729471279590879
2.6750000000000003        0.7284358489186883
2.685                     0.7273079676685249
2.695                     0.7261251703758242
2.705                     0.7249251466223335
2.715                     0.7237449035967559
2.725                     0.7226200069104839
2.735                     0.7215839107156543
2.745                     0.7206673826216281
2.755                     0.7198980243777687
2.765                     0.7192998852049067
2.775                     0.7188931630092354
2.785                     0.7186939865806095
2.795                     0.7187142719366172
2.805                     0.7189616464078117
2.815                     0.7194394345485059
2.825                     0.7201467019249125
2.835                     0.7210783540164836
2.845                     0.7222252888255565
2.855                     0.7235746035951276
2.865                     0.7251098563321126
2.875                     0.7268113837332669
2.8850000000000002        0.7286566766865796
2.895                     0.7306208137042881
2.9050000000000002        0.7326769511362459
2.915                     0.7347968668595702
2.9250000000000003        0.7369515512059351
2.935                     0.7391118359735306
2.945                     0.7412490490497387
2.955                     0.7433356786962247
2.965                     0.7453460292022526
2.975                     0.7472568471426906
2.985                     0.7490478967388104
2.995                     0.7507024626374135
3.005                     0.7522077603609013
3.015                     0.7535552370351991
3.025                     0.7547407494504347
3.035                     0.7557646113418321
3.045                     0.756631507399219
3.055                     0.7573502774519857
3.065                     0.7579335797911448
3.075                     0.7583974475493844
3.085                     0.7587607559253201
3.095                     0.7590446210510592
3.105                     0.7592717524570661
3.115                     0.7594657814760511
3.125                     0.759650586923946
3.1350000000000002        0.7598496374499835
3.145                     0.760085367597473
3.1550000000000002        0.7603786015113587
3.165                     0.7607480354419838
3.1750000000000003        0.761209787228401
3.185                     0.7617770184739808
3.1950000000000003        0.762459632972725
3.205                     0.7632640533407583
3.215                     0.7641930765232643
3.225                     0.7652458081678598
3.235                     0.7664176751908398
3.245                     0.767700515609907
3.255                     0.769082744363332
3.265                     0.7705495934216104
3.275                     0.7720834239204655
3.285                     0.7736641071141026
3.295                     0.7752694696576049
3.305                     0.776875797254201
3.315                     0.7784583886785295
3.325                     0.779992149950174
3.335                     0.7814522166011911
3.345                     0.7828145892599838
3.355                     0.784056766439892
3.365                     0.7851583566305487
3.375                     0.7861016514314121
3.3850000000000002        0.786872141277381
3.395                     0.7874589566613962
3.4050000000000002        0.7878552195955391
3.415                     0.7880582930617616
3.4250000000000003        0.7880699197919927
3.435                     0.787896246114483
3.4450000000000003        0.7875477308183614
3.455                     0.787038943630709
3.465                     0.7863882618753253
3.475                     0.7856174774535415
3.485                     0.7847513289259934
3.495                     0.7838169752427615
3.505                     0.7828434284679362
3.515                     0.7818609626308912
3.525                     0.7809005148577219
3.535                     0.7799930932259692
3.545                     0.779169203633423
3.555                     0.7784583056218343
3.565                     0.7778883044449043
3.575                     0.7774850845816814
3.585                     0.7772720875135412
3.595                     0.7772699352342415
3.605                     0.7774960994159639
3.615                     0.777964615658477
3.625                     0.7786858419536345
3.6350000000000002        0.7796662606027754
3.645                     0.7809083235528629
3.6550000000000002        0.782410342062081
3.665                     0.7841664225081866
3.6750000000000003        0.7861664516612397
3.685                     0.7883961356669861
3.6950000000000003        0.7908370981066697
3.705                     0.7934670430848776
3.715                     0.7962599895676677
3.725                     0.7991865825970128
3.735                     0.8022144860670689
3.745                     0.8053088596743675
3.755                     0.8084329198615731
3.765                     0.8115485812032656
3.775                     0.8146171702766044
3.785                     0.8176001997058491
3.795                     0.8204601850354906
3.805                     0.8231614828200848
3.815                     0.8256711243097695
3.825                     0.8279596163945547
3.835                     0.830001679940206
3.845                     0.8317768963411063
3.855                     0.8332702349574879
3.865                     0.834472438509093
3.875                     0.8353802490981773
3.8850000000000002        0.8359964645324031
3.895                     0.8363298224392384
3.9050000000000002        0.8363947175529555
3.915                     0.8362107650503765
3.9250000000000003        0.8358022291585142
3.935                     0.8351973415356673
3.9450000000000003        0.8344275368174977
3.955                     0.8335266344939797
3.9650000000000003        0.8325299957759579
3.975                     0.8314736822467202
3.985                     0.8303936400278329
3.995                     0.8293249292433434
4.005                     0.8283010143131612
4.015                     0.8273531260639384
4.025                     0.8265097028340868
4.035                     0.8257959139434246
4.045                     0.8252332663014121
4.055                     0.8248392926531805
4.065                     0.8246273188269042
4.075                     0.824606306674366
4.085                     0.8247807694074626
4.095                     0.8251507566206915
4.105                     0.8257119068948842
4.115                     0.8264555669996206
4.125                     0.827368977443303
4.135                     0.8284355248653177
4.1450000000000005        0.829635062096854
4.155                     0.8309442965567096
4.165                     0.8323372469344206
4.175                     0.833785766832823
4.1850000000000005        0.8352601320057988
4.195                     0.8367296853816821
4.205                     0.8381635309303859
4.215                     0.8395312643532499
4.225                     0.8408037249922261
4.235                     0.8419537505212752
4.245                     0.8429569131011725
4.255                     0.8437922142940808
4.265                     0.8444427150687499
4.275                     0.8448960781665942
4.285                     0.8451450018146295
4.295                     0.8451875275374529
4.305                     0.8450272090036796
4.315                     0.8446731346698796
4.325                     0.8441398026933619
4.335                     0.8434468529389209
4.345                     0.8426186664817101
4.355                     0.8416838479978026
4.365                     0.8406746102874737
4.375                     0.8396260827626004
4.385                     0.8385755666106423
4.3950000000000005        0.8375617591946172
4.405                     0.8366239686717541
4.415                     0.8358013372224826
4.425                     0.8351320880525281
4.4350000000000005        0.8346528078167202
4.445                     0.8343977725193992
4.455                     0.8343983213757714
4.465                     0.8346822806682804
4.4750000000000005        0.8352734370188386
4.485                     0.8361910585304455
4.495                     0.8374494615038469
4.505                     0.8390576202256882
4.515                     0.8410188211022274
4.525                     0.8433303595998776
4.535                     0.845983286283258
4.545                     0.8489622078758204
4.555                     0.8522451538214302
4.565                     0.8558035219161724
4.575                     0.8596021203254505
4.585                     0.8635993245834098
4.595                     0.8677473705478219
4.605                     0.8719928036526348
4.615                     0.8762771032592024
4.625                     0.8805374963219287
4.635                     0.8847079683008318
4.6450000000000005        0.8887204700974571
4.655                     0.8925063083739642
4.665                     0.8959976938113992
4.675                     0.8991294075440079
4.6850000000000005        0.9018405327921228
4.695                     0.9040761870267787
4.705                     0.9057891809541427
4.715                     0.9069415268364449
4.7250000000000005        0.907505719979461
4.735                     0.907465724959819
4.745                     0.9068176115792775
4.755                     0.9055698041445733
4.765                     0.903742929281137
4.775                     0.901369271295765
4.785                     0.8984918660948917
4.795                     0.8951632846176503
4.805                     0.8914441716660297
4.815                     0.8874016150707252
4.825                     0.8831074230806488
4.835                     0.8786363850330584
4.845                     0.8740645824489566
4.855                     0.8694678061433709
4.865                     0.8649201211651796
4.875                     0.8604926069556642
4.885                     0.8562522861607199
4.8950000000000005        0.8522612432726794
4.905                     0.8485759240809188
4.915                     0.8452465993666852
4.925                     0.8423169713466471
4.9350000000000005        0.8398238988875165
4.945                     0.8377972173166248
4.955                     0.8362596299612045
4.965                     0.8352266518839578
4.9750000000000005        0.8347065900182852
4.985                     0.8347005490770839
4.995                     0.8352024576346994
5.005                     0.8361991145677747
5.015                     0.8376702614385729
5.025                     0.8395886918623349
5.035                     0.8419204135603218
5.045                     0.8446248829534635
5.055                     0.8476553348907948
5.065                     0.8509592316657019
5.075                     0.8544788547454708
5.085                     0.8581520600422925
5.095                     0.8619132119997182
5.105                     0.8656943038976855
5.115                     0.8694262609419221
5.125                     0.8730404100625281
5.135                     0.8764700857557113
5.1450000000000005        0.8796523268002348
5.155                     0.8825296049318683
5.165                     0.8850515153262029
5.175                     0.8871763518924863
5.1850000000000005        0.8888724885949604
5.195                     0.8901194926812501
5.205                     0.890908906672465
5.215                     0.891244652644359
5.2250000000000005        0.8911430334157794
5.235                     0.8906323287769635
5.245                     0.8897520084180782
5.255                     0.8885516045062293
5.265                     0.8870893039034619
5.275                     0.8854303312542952
5.285                     0.8836451989919238
5.295                     0.8818078989428332
5.305                     0.8799941029728006
5.315                     0.8782794289919841
5.325                     0.8767378145420278
5.335                     0.8754400249946092
5.345                     0.8744523088249156
5.355                     0.8738351990581882
5.365                     0.8736424494960288
5.375                     0.8739200864550681
5.385                     0.8747055524211818
5.3950000000000005        0.8760269169085504
5.405                     0.8779021318835355
5.415                     0.8803383144445321
5.425                     0.8833310474521642
5.4350000000000005        0.8868636996344613
5.445                     0.8909067798629051
5.455                     0.8954173553434916
5.465                     0.9003385800270745
5.4750000000000005        0.9055993963960876
5.485                     0.9111144897572042
5.495                     0.9167845872704006
5.505                     0.9224972019056169
5.515                     0.928127921249406
5.525                     0.9335423301447217
5.535                     0.9385986312254376
5.545                     0.9431509875438345
5.555                     0.947053556383036
5.565                     0.9501651157042768
5.575                     0.9523541103268287
5.585                     0.9535038721046606
5.595                     0.9535177083436781
5.605                     0.9523235161482902
5.615                     0.9498775780088721
5.625                     0.946167230446861
5.635                     0.9412121737317736
5.6450000000000005        0.9350642982608777
5.655                     0.9278060301526518
5.665                     0.9195473265817227
5.675                     0.9104215635080809
5.6850000000000005        0.9005806395162645
5.695                     0.8901896608377725
5.705                     0.8794215717262519
5.715                     0.8684520568692552
5.7250000000000005        0.8574549771217462
5.735                     0.8465985195621535
5.745                     0.8360421590961813
5.755                     0.8259344519273766
5.765                     0.8164116177026437
5.775                     0.8075968206181032
5.785                     0.7996000300837616
5.795                     0.7925183276073009
5.805                     0.7864365243157294
5.815                     0.7814279602421331
5.825                     0.7775553681620914
5.835                     0.7748716989944272
5.845                     0.7734208200613313
5.855                     0.7732380108901773
5.865                     0.7743501929166986
5.875                     0.7767758395630479
5.885                     0.7805245225041224
5.8950000000000005        0.785596059279789
5.905                     0.7919792389176361
5.915                     0.799650117412766
5.925                     0.8085698963232313
5.9350000000000005        0.8186824279641538
5.945                     0.8299114317047344
5.955                     0.8421575594533508
5.965                     0.8552955147565051
5.9750000000000005        0.8691715062016823
5.985                     0.883601395743956
5.995                     0.8983699750695898
6.005                     0.9132318506975231
6.015000000000001         0.9279144196158247
6.025                     0.9421233482316002
6.035                     0.9555508068484991
6.045                     0.9678864520532808
6.055                     0.9788308000325895
6.065                     0.9881102346058172
6.075                     0.9954925097154081
6.085                     1.0008013223040393
6.095                     1.0039284315301094
6.105                     1.0048419403220337
6.115                     1.0035897416083974
6.125                     1.0002977085450953
6.135                     0.9951628689915147
6.1450000000000005        0.988442417813027
6.155                     0.9804398687082986
6.165                     0.9714898572841042
6.175                     0.9619430673331798
6.1850000000000005        0.9521525062869884
6.195                     0.9424619823491747
6.205                     0.9331972212834628
6.215                     0.9246596788978387
6.2250000000000005        0.9171228011041553
6.235                     0.9108302759158486
6.245                     0.9059957048359325
6.255                     0.902803076049488
6.265000000000001         0.90140742213069
6.275                     0.9019350731974292
6.285                     0.9044829445451303
6.295                     0.9091163304408887
6.305                     0.9158647028313774
6.315                     0.9247150546235408
6.325                     0.9356024060670901
6.335                     0.9483972534060473
6.345                     0.9628900419499217
6.355                     0.9787732659743331
6.365                     0.9956226110406013
6.375                     1.0128797020951326
6.385                     1.0298404518805817
6.3950000000000005        1.0456544836724788
6.405                     1.0593421251872008
6.415                     1.0698352356598289
6.425                     1.0760456982331692
6.4350000000000005        1.0769601497398456
6.445                     1.0717517799263092
6.455                     1.0598917390665588
6.465                     1.0412372244771284
6.4750000000000005        1.0160741935749407
6.485                     0.9851013650122772
6.495                     0.9493565572093364
6.505                     0.9101011335042727
6.515000000000001         0.8686875800043822
6.525                     0.826435985331118
6.535                     0.7845384606179204
6.545                     0.744000246666658
6.555                     0.7056166532590391
6.565                     0.6699786976735097
6.575                     0.6374978892552343
6.585                     0.6084411390800496
6.595                     0.5829688785826862
6.605                     0.5611719845524511
6.615                     0.5431053283096108
6.625                     0.5288174217439334
6.635                     0.5183767217925908
6.6450000000000005        0.511895799349678
6.655                     0.5095549198890957
6.665                     0.5116267198446282
6.675                     0.5185036075461924
6.6850000000000005        0.5307291312549209
6.695                     0.549033417862499
6.705                     0.574369896411776
6.715                     0.6079437083321356
6.7250000000000005        0.6512069951525774
6.735                     0.7057641525454625
6.745                     0.7730676963511838
6.755                     0.8536814614398391
6.765000000000001         0.9457752320962343
6.775                     1.0426031701834126
6.785                     1.129608419228213
6.795                     1.184153397191274
6.805                     1.182868330667427
6.815                     1.1163949267392967
6.825                     0.9985629838611502
6.835                     0.8580092078340803
6.845                     0.7212452617540872
6.855                     0.6035146171934
6.865                     0.5098319337613728
6.875                     0.43965128167970263
6.885                     0.3907173812764544
6.8950000000000005        0.36138882169691366
6.905                     0.3523110430920315
6.915                     0.3690037161392606
6.925                     0.4292877466887749
6.9350000000000005        0.5932834714870701
6.945                     1.153926394694939
6.955                     5.958088564832525
6.965                     3.5068119985917687
6.9750000000000005        0.37570433981948576
6.985                     0.09896882672465007
6.995                     0.03586636373387294
7.005                     0.015224028831487496
7.015000000000001         0.00708428569665685
7.025                     0.0034938533314239975
7.035                     0.0017911914169027774
7.045                     9.443813070436366E-4
7.055                     5.112460821885384E-4
7.065                     2.894924778413958E-4
7.075                     1.8696219741914493E-4
7.085                     1.9667484152059063E-4
7.095                     0.0015044972567861044
7.105                     0.00373526527690265
7.115                     0.004864320227323528
7.125                     0.9055681066592721
7.135                     0.01067515489234317
7.1450000000000005        0.010252581335926029
7.155                     0.07108604985108825
7.165                     0.06994951915432182
7.175                     0.017744765365155023
7.1850000000000005        0.0240891645868932
7.195                     0.20419615474828975
7.205                     0.11884008187251786
7.215                     0.03648236005101721
7.2250000000000005        0.04921571697352705
7.235                     0.3190538955116412
7.245                     0.2969365625311675
7.255                     0.08587320169610588
7.265000000000001         0.09684442777072383
7.275                     0.3145272927165644
7.285                     1.5284055418149813
7.295                     0.3438940113723404
7.305                     0.2147990382097386
7.315                     0.2610699586683555
7.325                     0.5241129722795443
7.335                     1.6133855918914122
7.345                     2.4126565887324207
7.355                     1.1866897327053485
7.365                     0.7538895168832344
7.375                     0.6472220526621884
7.385                     0.6876911004956205
7.3950000000000005        0.8605379390264355
7.405                     1.2318530153429925
7.415                     1.9429454800885622
7.425                     3.028150044515928
7.4350000000000005        3.6803466288338185
7.445                     3.110438237175922
7.455                     2.239089592781695
7.465                     1.6378160513658995
7.4750000000000005        1.2806816908095637
7.485                     1.0723701762919156
7.495                     0.9528925744064687
7.505                     0.8900005740888657
7.515000000000001         0.8667358105965043
7.525                     0.8743172841327808
7.535                     0.9084250764652081
7.545                     0.9670672378431912
7.555                     1.04897020552283
7.565                     1.1518345612535097
7.575                     1.2700913184761449
7.585                     1.3923883607530572
7.595                     1.5002770760316075
7.605                     1.5708672389165492
7.615                     1.5850249043075793
7.625                     1.5371644533773174
7.635                     1.4383601249115674
7.6450000000000005        1.309712218099732
7.655                     1.1722899511330462
7.665                     1.0409849981084909
7.675                     0.9236420774876474
7.6850000000000005        0.8229250322293921
7.695                     0.7385428435009983
7.705                     0.6688677482494078
7.715                     0.6118708530702027
7.7250000000000005        0.5655808045605125
7.735                     0.5282696461509963
7.745                     0.49850156916304156
7.755                     0.4751208261311929
7.765000000000001         0.45721750115588894
7.775                     0.444089127750398
7.785                     0.4352056280663529
7.795                     0.430180037678668
7.805000000000001         0.42874525551973847
7.815                     0.4307361681902782
7.825                     0.43607620415621307
7.835                     0.4447673110170709
7.845                     0.4568823379315624
7.855                     0.472558752146661
7.865                     0.49199246867872776
7.875                     0.51543028665853
7.885                     0.5431589762214927
7.8950000000000005        0.5754884368334582
7.905                     0.6127255912350307
7.915                     0.6551349315035212
7.925                     0.7028812353456971
7.9350000000000005        0.7559505769746204
7.945                     0.8140484380657782
7.955                     0.8764798872841943
7.965                     0.9420276466176265
7.9750000000000005        1.0088590449041326
7.985                     1.074508283526821
7.995                     1.1359865029272775
8.005                     1.1900554466386264
8.015                     1.2336525054790193
8.025                     1.2643854502187952
8.035                     1.2809586808311673
8.045                     1.283391647831265
8.055                     1.272959002774163
8.065                     1.2518872902201286
8.075                     1.2229243571473274
8.085                     1.188915581821679
8.095                     1.1524819049032395
8.105                     1.1158342599753195
8.115                     1.080710638796454
8.125                     1.0483988127129058
8.135                     1.0198056875426869
8.145                     0.9955431939383087
8.155                     0.9760121091654955
8.165000000000001         0.9614746953241735
8.175                     0.9521129763230187
8.185                     0.9480732190753474
8.195                     0.9494983167371949
8.205                     0.9565499358298264
8.215                     0.9694217657722158
8.225                     0.9883442518612576
8.235                     1.0135799466446984
8.245000000000001         1.0454070806894422
8.255                     1.084087110414007
8.265                     1.129809910111458
8.275                     1.1826082638267377
8.285                     1.2422322795995375
8.295                     1.3079762224508338
8.305                     1.37845847017443
8.315                     1.451374661647528
8.325                     1.5232788328687037
8.335                     1.5894950326836308
8.345                     1.6443032710182164
8.355                     1.6815348127727503
8.365                     1.6955990853385385
8.375                     1.6827398936260314
8.385                     1.6420875359903568
8.395                     1.5760321085251916
8.405                     1.4897056154098791
8.415000000000001         1.3897877292985925
8.425                     1.2831370917339073
8.435                     1.1757190772704331
8.445                     1.072046330352669
8.455                     0.9750891361360613
8.465                     0.8864824305122896
8.475                     0.8068525632572863
8.485                     0.7361441194869148
8.495000000000001         0.6738892141773161
8.505                     0.619404542902099
8.515                     0.5719233834851072
8.525                     0.5306773240791084
8.535                     0.4949426296542809
8.545                     0.46406338366348704
8.555                     0.4374602709121113
8.565                     0.41463103323504225
8.575000000000001         0.3951465007449719
8.585                     0.37864461940662514
8.595                     0.36482391684702353
8.605                     0.3534372278214478
8.615                     0.3442861227844813
8.625                     0.3372162630843779
8.635                     0.3321137880450989
8.645                     0.32890278524686273
8.655                     0.3275438833341455
8.665000000000001         0.32803402308910895
8.675                     0.33040750123670326
8.685                     0.3347384405605164
8.695                     0.3411449217081342
8.705                     0.34979512271701
8.715                     0.36091596190287234
8.725                     0.37480494348684784
8.735                     0.39184618786554304
8.745000000000001         0.4125320157408117
8.755                     0.4374920021866079
8.765                     0.46753217212375503
8.775                     0.5036880551231191
8.785                     0.5472967314968873
8.795                     0.6000948267679702
8.805                     0.6643515365456861
8.815                     0.7430475978019611
8.825000000000001         0.8401107850106115
8.835                     0.9607108218657214
8.845                     1.1115883798542476
8.855                     1.3013125594739678
8.865                     1.540159593490505
8.875                     1.8388532716592942
8.885                     2.2045603474174507
8.895                     2.6315435327484233
8.905                     3.0848540408261735
8.915000000000001         3.484271011331877
8.925                     3.7146392774916768
8.935                     3.6873286270788523
8.945                     3.411095325529082
8.955                     2.985013632443738
8.965                     2.5227431616740192
8.975                     2.0976468146212417
8.985                     1.7386630539882333
8.995000000000001         1.448010596439026
9.005                     1.216891595215836
9.015                     1.0339808751990074
9.025                     0.888873913772192
9.035                     0.7730614200547957
9.045                     0.6799213825055042
9.055                     0.604408255629442
9.065                     0.5427046453162514
9.075000000000001         0.49192137224238786
9.085                     0.4498624719047332
9.095                     0.4148485057532957
9.105                     0.38558609725283816
9.115                     0.3610722263469295
9.125                     0.34052404619326215
9.135                     0.32332726422351177
9.145                     0.30899800550767553
9.155                     0.2971544993852338
9.165000000000001         0.28749596991350906
9.175                     0.27978685743605813
9.185                     0.2738450318444313
9.195                     0.2695330394204281
9.205                     0.2667516997851765
9.215                     0.2654355697283202
9.225                     0.2655499397373247
9.235                     0.2670891433511542
9.245000000000001         0.27007605105485116
9.255                     0.27456269839153236
9.265                     0.28063206954644826
9.275                     0.2884011289758765
9.285                     0.2980252705890537
9.295                     0.30970444239444034
9.305                     0.3236913106160107
9.315                     0.34030195803109475
9.325000000000001         0.3599297733776305
9.335                     0.3830633880073399
9.345                     0.4103097529981542
9.355                     0.44242371286524707
9.365                     0.4803456781907417
9.375                     0.525249120441138
9.385                     0.5785993604857423
9.395                     0.6422239667675143
9.405                     0.7183919292843463
9.415000000000001         0.8098914769796176
9.425                     0.9200809048134706
9.435                     1.0528560127391824
9.445                     1.2124211524439357
9.455                     1.402658044394113
9.465                     1.6257658956756298
9.475                     1.8797809395536782
9.485                     2.1548397262771957
9.495000000000001         2.4291336052523316
9.505                     2.6676727589314493
9.515                     2.828625244608176
9.525                     2.8787248048351612
9.535                     2.809679478220389
9.545                     2.642178638284369
9.555                     2.4140512770360982
9.565                     2.1633803525973856
9.575000000000001         1.9180266713284317
9.585                     1.6937185984736403
9.595                     1.4968367715034543
9.605                     1.3280842863881845
9.615                     1.1853276284016698
9.625                     1.0653471866622761
9.635                     0.9647648191387449
9.645                     0.8804681961625209
9.655                     0.8097633864502797
9.665000000000001         0.7503948894904158
9.675                     0.7005086093908537
9.685                     0.6585956995413138
9.695                     0.6234348794330445
9.705                     0.5940404628803676
9.715                     0.5696183398522334
9.725                     0.5495299129216398
9.735                     0.5332631056539628
9.745000000000001         0.5204093145072229
9.755                     0.5106452082236587
9.765                     0.5037184144324724
9.775                     0.49943629282868324
9.785                     0.497657142087271
9.795                     0.49828331193572906
9.805                     0.5012557885969077
9.815                     0.5065498927880921
9.825000000000001         0.5141717758457187
9.835                     0.5241554235969449
9.845                     0.536559880231349
9.855                     0.5514663860449608
9.865                     0.5689750842548519
9.875                     0.589200893417814
9.885                     0.6122680665662609
9.895                     0.638302872250024
9.905                     0.6674237502954946
9.915000000000001         0.6997282411465737
9.925                     0.7352760045328607
9.935                     0.7740673929439982
9.945                     0.816017415782771
9.955                     0.8609256226637466
9.965                     0.9084435438060474
9.975                     0.9580428859640506
9.985                     1.008989584903871
9.995000000000001         1.0603307056133962
