0.005                     0.904230914641556
0.015                     0.9076296111357998
0.025                     0.9134648065052354
0.035                     0.9217119740852362
0.045                     0.932330703169606
0.055                     0.9452623020758385
0.065                     0.9604300926063373
0.075                     0.9777415454421865
0.085                     0.9970878554034234
0.095                     1.0183354052331803
0.105                     1.0413081077234527
0.115                     1.065764704250251
0.125                     1.0913751323960506
0.135                     1.1176983128765703
0.145                     1.1441635447785397
0.155                     1.1700593657019556
0.165                     1.1945349606946116
0.17500000000000002       1.2166190655429767
0.185                     1.2352597176393598
0.195                     1.249385461504799
0.20500000000000002       1.2579848871561639
0.215                     1.260196808727876
0.225                     1.2553991472059165
0.23500000000000001       1.2432819398054846
0.245                     1.2238905495763357
0.255                     1.1976296853264625
0.265                     1.165226438900034
0.275                     1.1276589690838197
0.28500000000000003       1.0860639754428012
0.295                     1.0416388743202054
0.305                     0.9955531185442824
0.315                     0.9488786940671939
0.325                     0.9025442359856002
0.335                     0.8573122923445692
0.34500000000000003       0.8137758993874216
0.355                     0.7723691328599029
0.365                     0.7333862315234356
0.375                     0.6970047261055606
0.385                     0.6633092090468979
0.395                     0.6323135746668236
0.405                     0.6039805542024167
0.41500000000000004       0.5782380957233432
0.425                     0.5549926115828658
0.435                     0.5341393876789233
0.445                     0.5155705741513356
0.455                     0.4991812124701888
0.465                     0.4848737319224885
0.47500000000000003       0.4725613041542149
0.485                     0.46217039064607707
0.495                     0.45364276360632017
0.505                     0.44693723722639295
0.515                     0.44203131032063325
0.525                     0.438922894870742
0.535                     0.43763229099998285
0.545                     0.43820456195972435
0.555                     0.44071246647174445
0.5650000000000001        0.44526011392734466
0.5750000000000001        0.45198752155185073
0.585                     0.46107626756697095
0.595                     0.4727564376587776
0.605                     0.4873150414795837
0.615                     0.5051059998222298
0.625                     0.5265616099302308
0.635                     0.5522049856182938
0.645                     0.5826621444380012
0.655                     0.6186708446802635
0.665                     0.6610803941625497
0.675                     0.7108315546289545
0.685                     0.7688970778900279
0.6950000000000001        0.8361499806085418
0.705                     0.9131084082371729
0.715                     0.999488448470855
0.725                     1.0935004232339798
0.735                     1.1909009778327428
0.745                     1.2840456161185043
0.755                     1.3616141923912426
0.765                     1.4100674886357814
0.775                     1.417499259291736
0.785                     1.3787302072911907
0.795                     1.2984107070208646
0.805                     1.189487428412948
0.8150000000000001        1.0680458427917918
0.8250000000000001        0.9481946381589295
0.835                     0.8395783668367777
0.845                     0.7474996370969923
0.855                     0.6743553761280281
0.865                     0.6213461450008525
0.875                     0.5901587489049132
0.885                     0.5850336433551999
0.895                     0.6166931100048327
0.905                     0.7130112587016398
0.915                     0.9570406491894371
0.925                     1.669359543401954
0.935                     4.325227146720691
0.9450000000000001        3.805973315160211
0.9550000000000001        1.0475272218325704
0.965                     0.6808959812988035
0.975                     10.691710860792673
0.985                     1.6472872944331673
0.995                     4.407136473054692
1.0050000000000001        5.6353149568157944E-8
1.0150000000000001        6.164868703435333E-9
1.025                     4.635217995496725E-7
1.035                     4.326215441139024E-6
1.045                     1.8732524623614936E-5
1.055                     5.728210857301545E-5
1.065                     1.3301167370966056E-4
1.075                     2.5979374025065567E-4
1.085                     4.512968913989687E-4
1.095                     7.209855280616083E-4
1.105                     0.0010824828055018636
1.115                     0.0015500848458404291
1.125                     0.002139340284128838
1.135                     0.0028676406223857105
1.145                     0.003754643034776636
1.155                     0.004820491424858335
1.165                     0.006138451413222099
1.175                     0.007651475146357048
1.185                     0.009459850912294744
1.195                     0.01159207349075551
1.205                     0.014114923841533148
1.215                     0.0171078431020569
1.225                     0.02065506684613828
1.235                     0.024863039045545206
1.245                     0.029865576889059248
1.2550000000000001        0.035829957399938085
1.2650000000000001        0.042965986319075666
1.2750000000000001        0.05153838294049508
1.285                     0.0618834420908933
1.295                     0.07443144136669522
1.305                     0.08973684233815911
1.315                     0.10851930125351994
1.325                     0.13172061369900298
1.335                     0.1605803918314478
1.345                     0.19660238221564744
1.355                     0.24224640982542206
1.365                     0.3001728909074287
1.375                     0.3742624309980259
1.385                     0.46953332932723396
1.395                     0.5923800876718193
1.405                     0.7505119980153907
1.415                     0.952178046508063
1.425                     1.2038410618732935
1.435                     1.5051935073815272
1.445                     1.8412651054321378
1.455                     2.1751460512539693
1.465                     2.4508460657799764
1.475                     2.614428595707859
1.485                     2.642871856533784
1.495                     2.5542594851938043
1.5050000000000001        2.390993711484295
1.5150000000000001        2.1958110747185104
1.5250000000000001        1.998841501590867
1.5350000000000001        1.816526599466686
1.545                     1.6555841923486556
1.555                     1.5172049096116103
1.565                     1.3999442520093612
1.575                     1.301365393262267
1.585                     1.2188599583537183
1.595                     1.1500083618777854
1.605                     1.0927062847777773
1.615                     1.0451819329969616
1.625                     1.0059675862818158
1.635                     0.973855774631844
1.645                     0.9478530977466169
1.655                     0.927134471475757
1.665                     0.9109866329116573
1.675                     0.9023643371368252
1.685                     0.8940664251303778
1.695                     0.8853293516639814
1.705                     0.8836500447578954
1.715                     0.884026263182136
1.725                     0.8866629645242913
1.735                     0.8913387359811085
1.745                     0.8978184970873706
1.7550000000000001        0.9058689848714725
1.7650000000000001        0.9152566987639295
1.7750000000000001        0.9257445360049218
1.7850000000000001        0.9370891674541227
1.795                     0.9490396112432637
1.805                     0.9613371866449675
1.815                     0.9737169468949743
1.825                     0.985910622572617
1.835                     0.9976510195441893
1.845                     1.0086777059592913
1.855                     1.018743697202498
1.865                     1.0276227241531122
1.875                     1.0351165671340357
1.885                     1.0410618771463682
1.895                     1.04533590475678
1.905                     1.047860623789318
1.915                     1.0486048688662266
1.925                     1.0475842883872026
1.935                     1.0448591213186396
1.945                     1.0405300084090248
1.955                     1.0347322161914332
1.965                     1.0276287649682483
1.975                     1.0194029990719617
1.985                     1.0102511209529201
1.995                     1.0003751414259439
2.005                     0.9899765947376216
2.015                     0.9792512480079569
2.025                     0.968384917716204
2.035                     0.957550403946169
2.045                     0.9469054736618284
2.055                     0.9365917703054115
2.065                     0.9267344960952532
2.075                     0.917442703237864
2.085                     0.9088100347322359
2.095                     0.9009157698467133
2.105                     0.8938260498746151
2.115                     0.8875951819153743
2.125                     0.8822669404058445
2.1350000000000002        0.8778758064731135
2.145                     0.8744481019826161
2.1550000000000002        0.8720029897512018
2.165                     0.8705533224040133
2.1750000000000003        0.8701063307972797
2.185                     0.870664149660109
2.195                     0.8722241821357445
2.205                     0.8747793086271194
2.215                     0.878317947709152
2.225                     0.882823978888188
2.235                     0.8882765389005511
2.245                     0.8946497055461989
2.255                     0.9019120853762891
2.265                     0.9100263249841691
2.275                     0.918948569022119
2.285                     0.9286278928399474
2.295                     0.9390057423762977
2.305                     0.9500154191999481
2.315                     0.961581653933646
2.325                     0.9736203157513771
2.335                     0.9860383091043721
2.345                     0.9987337104405803
2.355                     1.0115961957378397
2.365                     1.0245078047370488
2.375                     1.0373440779308534
2.3850000000000002        1.0499755873961019
2.395                     1.0622698630892564
2.4050000000000002        1.0740936918175692
2.415                     1.0853157388950623
2.4250000000000003        1.0958094138191863
2.435                     1.1054558743670237
2.445                     1.114147040569434
2.455                     1.1217884750684053
2.465                     1.1283019808966843
2.475                     1.1336277744287515
2.485                     1.1377261099461626
2.495                     1.1405782621041285
2.505                     1.1421868112802775
2.515                     1.1425752201546144
2.525                     1.1417867341126133
2.535                     1.1398826785924823
2.545                     1.1369402589853674
2.555                     1.1330499919201928
2.565                     1.1283129071379714
2.575                     1.1228376592441451
2.585                     1.116737677938669
2.595                     1.1101284669471743
2.605                     1.1031251388883665
2.615                     1.0958402473616737
2.625                     1.0883819524697487
2.6350000000000002        1.0808525329973342
2.645                     1.0733472387973955
2.6550000000000002        1.0659534618890858
2.665                     1.058750193959259
2.6750000000000003        1.051807731640727
2.685                     1.0451875876375374
2.695                     1.0389425664775258
2.705                     1.0331169653591865
2.715                     1.027746864863492
2.725                     1.0228604791236722
2.735                     1.0184785400084873
2.745                     1.0146146955892907
2.755                     1.0112759082192646
2.765                     1.008462842302568
2.775                     1.0061702364129932
2.785                     1.004387258074099
2.795                     1.0030978430236248
2.805                     1.0022810235889712
2.815                     1.0019112528629401
2.825                     1.0019587335555677
2.835                     1.0023897611184238
2.845                     1.0031670917648883
2.855                     1.0042503458785388
2.865                     1.0055964567889002
2.875                     1.0071601737292888
2.8850000000000002        1.0088946259561546
2.895                     1.0107519525805593
2.9050000000000002        1.012683999587428
2.915                     1.0146430819302628
2.9250000000000003        1.016582804414035
2.935                     1.0184589305205947
2.945                     1.0202302838501536
2.955                     1.0218596626796719
2.965                     1.0233147449383526
2.975                     1.024568959169897
2.985                     1.025602296518104
2.995                     1.026402040137054
3.005                     1.0269633907121742
3.015                     1.0272899710438526
3.025                     1.0273941974109317
3.035                     1.0272975119627754
3.045                     1.027030476805521
3.055                     1.0266327377693785
3.065                     1.0261528717599315
3.075                     1.025648137416163
3.085                     1.025184151917924
3.095                     1.024834518287554
3.105                     1.02468042530853
3.115                     1.0248102363169949
3.125                     1.025319071665778
3.1350000000000002        1.0263083705789897
3.145                     1.0278853883450523
3.1550000000000002        1.0301625380333659
3.165                     1.033256413338675
3.1750000000000003        1.0372862146384916
3.185                     1.0423711186629394
3.1950000000000003        1.0486258419496512
3.205                     1.0561531808067253
3.215                     1.065031559095344
3.225                     1.075294411423906
3.235                     1.0868963304623374
3.245                     1.099658023378164
3.255                     1.113178327805127
3.265                     1.1267120790143705
3.275                     1.1387946835339302
3.285                     1.1474476676928076
3.295                     1.1489564227394735
3.305                     1.1382575254229133
3.315                     1.1086462682261133
3.325                     1.0528760614848196
3.335                     0.9664169598297372
3.345                     0.8525581600980675
3.355                     0.7270160405605218
3.365                     0.6190178498717502
3.375                     0.5771006989271197
3.3850000000000002        0.7371883649966765
3.395                     1.076396360377776
3.4050000000000002        0.39067983835862613
3.415                     1.036656244584587
3.4250000000000003        0.225181211471751
3.435                     0.30748806550251495
3.4450000000000003        0.7693681140589828
3.455                     0.7432984231468198
3.465                     0.9573033618676041
3.475                     0.7628531233071638
3.485                     1.3861519812629182
3.495                     1.4198946185951273
3.505                     1.3355732834217189
3.515                     1.219262326213691
3.525                     1.0351559376124813
3.535                     1.11431899363004
3.545                     1.0841980420979735
3.555                     1.065401337502427
3.565                     1.0558320809559854
3.575                     1.0529864597639604
3.585                     1.0549789056909102
3.595                     1.0599436796859663
3.605                     1.073953962460521
3.615                     1.0681221481724084
3.625                     1.086894734058169
3.6350000000000002        1.0971830804987213
3.645                     1.1071071021699512
3.6550000000000002        1.1205903634581547
3.665                     1.1319619299026633
3.6750000000000003        1.1418073743561628
3.685                     1.150420790732746
3.6950000000000003        1.1577430123976522
3.705                     1.163674968720843
3.715                     1.167197093060898
3.725                     1.1710008723256433
3.735                     1.172256127776901
3.745                     1.1718534704627783
3.755                     1.169819425308296
3.765                     1.1662266095066132
3.775                     1.161180725228154
3.785                     1.1548092359779096
3.795                     1.1472539590843596
3.805                     1.1386659124738894
3.815                     1.1292008038892059
3.825                     1.1190106944781433
3.835                     1.1083040286773103
3.845                     1.0971375332188305
3.855                     1.0857187187919333
3.865                     1.0741731641374948
3.875                     1.0626261311319718
3.8850000000000002        1.051192739306577
3.895                     1.039976944305323
3.9050000000000002        1.0290712934301058
3.915                     1.0185564997737269
3.9250000000000003        1.0085107302110086
3.935                     0.9989804200451861
3.9450000000000003        0.9900262202641662
3.955                     0.9816885978826015
3.9650000000000003        0.9740015710751638
3.975                     0.9669919377095844
3.985                     0.9606798944799808
3.995                     0.9550797046058742
4.005                     0.9502003527456395
4.015                     0.9460461696156293
4.025                     0.9426173987815147
4.035                     0.9399106652578226
4.045                     0.9379193107712932
4.055                     0.9366335893869017
4.065                     0.9360407531950027
4.075                     0.9361250767242442
4.085                     0.9368678617723029
4.095                     0.9382474430625505
4.105                     0.9402391965398038
4.115                     0.9428155445772959
4.125                     0.9459459536890962
4.135                     0.949596925507974
4.1450000000000005        0.9537319871015201
4.155                     0.9583116900569917
4.165                     0.9632936295873101
4.175                     0.9686324955490138
4.1850000000000005        0.9742801668028485
4.195                     0.9801858597410478
4.205                     0.9862963395819238
4.215                     0.9925562016232694
4.225                     0.9989082255922647
4.235                     1.0052938025743132
4.245                     1.0116534283202794
4.255                     1.0179272522092788
4.265                     1.0240556728580872
4.275                     1.0299799983638473
4.285                     1.0356432783251213
4.295                     1.0409915750423386
4.305                     1.0459759154352009
4.315                     1.050554269799271
4.325                     1.0546916155889086
4.335                     1.0583577522352405
4.345                     1.06152604877234
4.355                     1.064174793196935
4.365                     1.0662891614493237
4.375                     1.0678622017850563
4.385                     1.068894926945574
4.3950000000000005        1.0693960041866817
4.405                     1.069381295655463
4.415                     1.0688733178174525
4.425                     1.0679006303410834
4.4350000000000005        1.0664971647742127
4.445                     1.0647015576578593
4.455                     1.0625570343286133
4.465                     1.0601180919623836
4.4750000000000005        1.0575711581607357
4.485                     1.060621877134688
4.495                     1.51503211472909
4.505                     1.4885567819211374
4.515                     1.4573575457122152
4.525                     1.4599388416689774
4.535                     1.4446809303701866
4.545                     1.4542725346532042
4.555                     1.4507287227704029
4.565                     1.4444813138648653
4.575                     1.4234480544628958
4.585                     1.5059938758834082
4.595                     1.4935414804605878
4.605                     1.4978980647665927
4.615                     1.5054828011467112
4.625                     1.4981817907811958
4.635                     1.1387244138924764
4.6450000000000005        1.683713200337242
4.655                     1.7155848525148165
4.665                     1.7862074952179572
4.675                     1.970328664704235
4.6850000000000005        1.6109390567610629
4.695                     8.227766550749706
4.705                     7.910379510985755
4.715                     13.935147794961578
4.7250000000000005        9.804305945156235
4.735                     12.358366562327312
4.745                     12.549813788026045
4.755                     7.23168823079678
4.765                     4.963907702295473
4.775                     4.694669811509629
4.785                     5.041833813567763
4.795                     4.044128876885942
4.805                     2.5308154328418615
4.815                     2.1074742324061444
4.825                     2.3525576539985793
4.835                     2.6881821260677667
4.845                     2.4455509604629952
4.855                     1.9060356523593167
4.865                     1.524500574703521
4.875                     1.3138904651152423
4.885                     1.204033204912393
4.8950000000000005        1.1502107789522094
4.905                     1.1245917046137264
4.915                     1.1028441171049166
4.925                     1.0764742751037737
4.9350000000000005        1.055144418529695
4.945                     1.043286579790179
4.955                     1.03858185219941
4.965                     1.0354867668702035
4.9750000000000005        1.0345551761154792
4.985                     1.035573230525715
4.995                     1.030668018377303
5.005                     1.0283243178529413
5.015                     1.0303386718598218
5.025                     1.0365055358625659
5.035                     1.0462659954997096
5.045                     1.0588866095986507
5.055                     1.0726136687292038
5.065                     1.0831998935115157
5.075                     1.0836220067631184
5.085                     1.0691914201558814
5.095                     1.0450866861139536
5.105                     1.0224761081217173
5.115                     1.0081857887200953
5.125                     1.0031312334504343
5.135                     1.0058196538984336
5.1450000000000005        1.0142739294267769
5.155                     1.025978748818639
5.165                     1.0372755017086954
5.175                     1.0437838857630706
5.1850000000000005        1.0426426093099728
5.195                     1.0345313909274627
5.205                     1.0227467017428848
5.215                     1.010624573644277
5.2250000000000005        1.0001526943924823
5.235                     0.9920766654370361
5.245                     0.986455344188527
5.255                     0.9830682461197332
5.265                     0.9815911288814854
5.275                     0.9816073872462227
5.285                     0.9825417694437478
5.295                     0.983657510071044
5.305                     0.984295904288716
5.315                     0.9842798107479404
5.325                     0.9840088133518885
5.335                     0.9840839164878061
5.345                     0.9849274523086686
5.355                     0.9867013903203602
5.365                     0.9893957429666402
5.375                     0.9929156948149512
5.385                     0.9971164131426312
5.3950000000000005        1.0017978019832492
5.405                     1.0066870131962102
5.415                     1.011443600575079
5.425                     1.0157199349052928
5.4350000000000005        1.0192728601713854
5.445                     1.022059459142814
5.455                     1.024236819398572
5.465                     1.026065651049568
5.4750000000000005        1.0277973166894552
5.485                     1.0296111582178862
5.495                     1.0316075813644723
5.505                     1.0338285156733993
5.515                     1.0362791208601863
5.525                     1.0389369893214617
5.535                     1.0417431790530407
5.545                     1.0445747458620458
5.555                     1.0472082343835463
5.565                     1.049293226029791
5.575                     1.0502831925011684
5.585                     1.0482362437910786
5.595                     1.0253124231106636
5.605                     1.0470867727894462
5.615                     1.0477532987004987
5.625                     1.0463080680211878
5.635                     1.0443627134151918
5.6450000000000005        1.0422035406786214
5.655                     1.0399141956694768
5.665                     1.0375183528531462
5.675                     1.0350154796275124
5.6850000000000005        1.0323925746016056
5.695                     1.0296284055309761
5.705                     1.0266964955234767
5.715                     1.0235706590352247
5.7250000000000005        1.020235022595999
5.735                     1.0166969219877917
5.745                     1.012996502793982
5.755                     1.0092055141186185
5.765                     1.0054134103637757
5.775                     1.0017077400690704
5.785                     0.9981590118973988
5.795                     0.9948151868704584
5.805                     0.9917039860008402
5.815                     0.988838224541671
5.825                     0.9862203556469934
5.835                     0.9838445465347568
5.845                     0.9816962405807182
5.855                     0.9797502336588964
5.865                     0.9779693467626706
5.875                     0.9763068630457179
5.885                     0.974715794547691
5.8950000000000005        0.9731646161113359
5.905                     0.9716525138410493
5.915                     0.970213493274656
5.925                     0.9689047957598725
5.9350000000000005        0.9677868720577184
5.945                     0.9669069886969007
5.955                     0.9662927344205827
5.965                     0.9659537577510287
5.9750000000000005        0.9658869882089158
5.985                     0.9660817392628643
5.995                     0.9665231724459451
6.005                     0.9671938973314276
6.015000000000001         0.9680739026812305
6.025                     0.9691389823737169
6.035                     0.9703577095072
6.045                     0.9716871104278489
6.055                     0.9730677929812279
6.065                     0.9744206528665212
6.075                     0.9756491891023605
6.085                     0.9766522630086717
6.095                     0.9773485903945289
6.105                     0.9777048751236194
6.115                     0.9777507591193246
6.125                     0.977567937762666
6.135                     0.977258757145684
6.1450000000000005        0.9769136089191994
6.155                     0.9765926679332625
6.165                     0.9763238357530982
6.175                     0.976109766775748
6.1850000000000005        0.9759362214566714
6.195                     0.9757767730874516
6.205                     0.9755898347201785
6.215                     0.9752972100101004
6.2250000000000005        0.9746910688786155
6.235                     0.9728840514765946
6.245                     0.9611035646878809
6.255                     0.7777125807394465
6.265000000000001         0.9608866305354103
6.275                     0.9679400861098221
6.285                     0.9688021195851337
6.295                     0.9683284676016782
6.305                     0.9673378259834136
6.315                     0.9661024310613725
6.325                     0.9647561721556601
6.335                     0.9633796245730137
6.345                     0.9620176559474527
6.355                     0.9607019544290609
6.365                     0.9594528880895195
6.375                     0.9582822515398767
6.385                     0.9571981996464178
6.3950000000000005        0.9562066871729029
6.405                     0.9553119935851043
6.415                     0.9545162926665656
6.425                     0.9538178649495352
6.4350000000000005        0.9532066928019987
6.445                     0.9526540407774127
6.455                     0.95208545042093
6.465                     0.9512977420757662
6.4750000000000005        0.9496710828294949
6.485                     0.9446268079971721
6.495                     0.8858409816359153
6.505                     0.9550715218544641
6.515000000000001         0.9663306278576057
6.525                     0.9625222522841365
6.535                     0.9500300241411503
6.545                     0.8873992659994047
6.555                     0.9560280834579817
6.565                     0.9604767826300227
6.575                     0.9620462689109334
6.585                     0.9630232517429718
6.595                     0.9643938576823953
6.605                     0.965361527931438
6.615                     0.9664242441963169
6.625                     0.9675209771972286
6.635                     0.9686315156163054
6.6450000000000005        0.9697623271299638
6.655                     0.9708746276894626
6.665                     0.9719543696004205
6.675                     0.9729889049819105
6.6850000000000005        0.9739650931956482
6.695                     0.9748703280994394
6.705                     0.9756918204841561
6.715                     0.9764135945507679
6.7250000000000005        0.9770083572842584
6.735                     0.9774178707507748
6.745                     0.9775128772420547
6.755                     0.9770639930571741
6.765000000000001         0.9762153554723542
6.775                     0.9772124652830438
6.785                     0.9784882994476639
6.795                     0.9776802117678782
6.805                     0.9760345471107982
6.815                     0.9741660788072385
6.825                     0.9722332560438441
6.835                     0.9702563965570833
6.845                     0.9682212727785299
6.855                     0.9661109399690967
6.865                     0.9639136905808723
6.875                     0.9616226513092001
6.885                     0.9592298962680126
6.8950000000000005        0.9567035888127556
6.905                     0.9538904229270522
6.915                     0.950931759314586
6.925                     0.9487252904516785
6.9350000000000005        0.9463147882969064
6.945                     0.9437788248548364
6.955                     0.9412241684397146
6.965                     0.9387012337563864
6.9750000000000005        0.9362452227101741
6.985                     0.9338832127831397
6.995                     0.9316089810809824
7.005                     0.929348134780687
7.015000000000001         0.9278752216159619
7.025                     0.92637889787227
7.035                     0.9250649716157315
7.045                     0.9239400537547596
7.055                     0.922936627970881
7.065                     0.9219428276038999
7.075                     0.9207594658790526
7.085                     0.9201176357664732
7.095                     0.9190916005578037
7.105                     0.9180847374169943
7.115                     0.9171439717689097
7.125                     0.9163091627947146
7.135                     0.9156097073313537
7.1450000000000005        0.9150641923638424
7.155                     0.9146821689869356
7.165                     0.9144663229037924
7.175                     0.9144143268994334
7.1850000000000005        0.91452021847283
7.195                     0.9147753667399505
7.205                     0.9151691491159359
7.215                     0.9156894520356603
7.2250000000000005        0.9163230862499603
7.235                     0.9170561812787332
7.245                     0.9178745976060572
7.255                     0.9187643688940443
7.265000000000001         0.9197121692582669
7.275                     0.9207058580152966
7.285                     0.9217358939842171
7.295                     0.9228112485887101
7.305                     0.9238162567203828
7.315                     0.9248774667555782
7.325                     0.9258759646418908
7.335                     0.926464204350474
7.345                     0.927360758779862
7.355                     0.9286884129614336
7.365                     0.9297153847526762
7.375                     0.9306172762970891
7.385                     0.9314322477934576
7.3950000000000005        0.9321605919531027
7.405                     0.9326445694172515
7.415                     0.9330866792799495
7.425                     0.9334407725694288
7.4350000000000005        0.9336636288782737
7.445                     0.9337205550748489
7.455                     0.933471684164899
7.465                     0.9326404434177478
7.4750000000000005        0.9321891063207596
7.485                     0.9318800225953955
7.495                     0.931165968472354
7.505                     0.9299162257309012
7.515000000000001         0.9284585410567372
7.525                     0.9275053808095153
7.535                     0.9264502907506923
7.545                     0.9248635068157853
7.555                     0.9226549873379594
7.565                     0.9201812988048265
7.575                     0.9189033179518827
7.585                     0.9192413804762999
7.595                     0.9195668504804196
7.605                     0.9192664038150729
7.615                     0.9185076178901084
7.625                     0.9174808886247178
7.635                     0.9162944485638945
7.6450000000000005        0.9150146804917413
7.655                     0.9137183441131356
7.665                     0.9125375333459297
7.675                     0.9116285998520446
7.6850000000000005        0.9110321929363693
7.695                     0.9106336662686392
7.705                     0.9103054470968608
7.715                     0.9099937465107422
7.7250000000000005        0.9096968645096013
7.735                     0.9094295117325234
7.745                     0.9092064446558825
7.755                     0.9090384506365023
7.765000000000001         0.908932445328303
7.775                     0.9088917846231256
7.785                     0.9089152779322823
7.795                     0.9089952396038451
7.805000000000001         0.909116869373646
7.815                     0.9092610899525461
7.825                     0.9094095837294524
7.835                     0.9095484942819375
7.845                     0.909660724197926
7.855                     0.9097587586132789
7.865                     0.9098228792776767
7.875                     0.9098520298228099
7.885                     0.9098393108862842
7.8950000000000005        0.9097824208144091
7.905                     0.9096751447375485
7.915                     0.9095062159719604
7.925                     0.9092690768926891
7.9350000000000005        0.908954729461057
7.945                     0.908558994537829
7.955                     0.9080675439128969
7.965                     0.9074876507115585
7.9750000000000005        0.9068093875700386
7.985                     0.9060323423393731
7.995                     0.9051589402243667
8.005                     0.9041949899360953
8.015                     0.9031491643815159
8.025                     0.9020325579942379
8.035                     0.9008580559655396
8.045                     0.8996395443881542
8.055                     0.8983909999631937
8.065                     0.8971255404581284
8.075                     0.8958545551402692
8.085                     0.8945870421490598
8.095                     0.8933292519850641
8.105                     0.8920846820779358
8.115                     0.8908544034257646
8.125                     0.8896376445723233
8.135                     0.8884325241566018
8.145                     0.8872368149580793
8.155                     0.8860486359501981
8.165000000000001         0.8848670068318166
8.175                     0.8836922463251005
8.185                     0.8825262018914817
8.195                     0.8813723208506826
8.205                     0.8802356051091992
8.215                     0.8791224813244762
8.225                     0.878040598768823
8.235                     0.876998546600133
8.245000000000001         0.8760054669816387
8.255                     0.8750705503606616
8.265                     0.8742024491500777
8.275                     0.8734087202359322
8.285                     0.87269545012863
8.295                     0.8720671756172482
8.305                     0.8715270976448042
8.315                     0.871077474485924
8.325                     0.8707200417861973
8.335                     0.8704563425719909
8.345                     0.8702879116955616
8.355                     0.8702163059962031
8.365                     0.8702429949999019
8.375                     0.8703691376033079
8.385                     0.8705952778976962
8.395                     0.8709210005356585
8.405                     0.8713445900076695
8.415000000000001         0.8718627359846849
8.425                     0.8724703180292356
8.435                     0.8731602900414928
8.445                     0.8739236713568144
8.455                     0.8747496406926529
8.465                     0.8756257225926647
8.475                     0.8765380535434631
8.485                     0.8774717152688127
8.495000000000001         0.8784111239045287
8.505                     0.8793404640013959
8.515                     0.8802441535550424
8.525                     0.8811073182691163
8.535                     0.8819162382347242
8.545                     0.8826587095186281
8.555                     0.8833242485985169
8.565                     0.8839040851003486
8.575000000000001         0.8843909601323616
8.585                     0.884778843008531
8.595                     0.8850627011283387
8.605                     0.8852383530592939
8.615                     0.8853023069603891
8.625                     0.8852514831080723
8.635                     0.8850828323605429
8.645                     0.8847929654519345
8.655                     0.8843779275893665
8.665000000000001         0.8838332097273576
8.675                     0.8831540277508898
8.685                     0.882335848690009
8.695                     0.8813751056495028
8.705                     0.8802700199426273
8.715                     0.8790214391043036
8.725                     0.8776336015063716
8.735                     0.8761147497302292
8.745000000000001         0.8744775323106667
8.755                     0.8727391531234316
8.765                     0.8709212463250549
8.775                     0.8690494703543573
8.785                     0.867152826443344
8.795                     0.8652627161016466
8.805                     0.8634117604636823
8.815                     0.8616324143134207
8.825000000000001         0.8599554221446548
8.835                     0.8584081839744919
8.845                     0.8570131249691507
8.855                     0.8557861919252471
8.865                     0.8547356251647542
8.875                     0.853861166813797
8.885                     0.8531538548270753
8.895                     0.8525965082492805
8.905                     0.852164931732914
8.915000000000001         0.8518297681182717
8.925                     0.8515588312165605
8.935                     0.851319686437582
8.945                     0.8510822308838778
8.955                     0.8508210460667728
8.965                     0.8505173248651327
8.975                     0.8501601936890726
8.985                     0.8497472819358624
8.995000000000001         0.8492844666176127
9.005                     0.848784838636417
9.015                     0.8482670537631801
9.025                     0.8477532984104249
9.035                     0.8472671036288005
9.045                     0.846831199142555
9.055                     0.8464655419404371
9.065                     0.8461856029603976
9.075000000000001         0.8460009603182412
9.085                     0.845914230173858
9.095                     0.8459203624889735
9.105                     0.8460063339734492
9.115                     0.8461512782923579
9.125                     0.8463270981809626
9.135                     0.8464995996134275
9.145                     0.8466301692580619
9.155                     0.8466779795034145
9.165000000000001         0.8466026495130214
9.175                     0.8463672202142611
9.185                     0.845941225197329
9.195                     0.8453035738851825
9.205                     0.8444449261487291
9.215                     0.8433692463140853
9.225                     0.8420942888663787
9.235                     0.8406508853154516
9.245000000000001         0.8390810541104995
9.255                     0.8374351142499935
9.265                     0.8357681162201269
9.275                     0.834135986769681
9.285                     0.8325918091094952
9.295                     0.8311826318879398
9.305                     0.82994708638762
9.315                     0.8289137335313215
9.325000000000001         0.8280995460613472
9.335                     0.8275085967324995
9.345                     0.8271325781730843
9.355                     0.8269530933187982
9.365                     0.8269437548821408
9.375                     0.8270717868126208
9.385                     0.8272997591710388
9.395                     0.8275876225689177
9.405                     0.8278949161843546
9.415000000000001         0.8281830057623004
9.425                     0.8284172293471247
9.435                     0.8285688307896906
9.445                     0.8286165547566433
9.455                     0.8285477770318062
9.465                     0.8283590602104421
9.475                     0.8280560612743233
9.485                     0.8276527725314401
9.495000000000001         0.8271701437736811
9.505                     0.8266342003700312
9.515                     0.826073827198388
9.525                     0.8255184216468279
9.535                     0.824995624980489
9.545                     0.8245293205830504
9.555                     0.8241380457204057
9.565                     0.8238339095528201
9.575000000000001         0.8236220539527399
9.585                     0.823500643226648
9.595                     0.8234613294397792
9.605                     0.8234901134232642
9.615                     0.8235685071309541
9.625                     0.823674898448215
9.635                     0.8237860219661588
9.645                     0.8238784459851332
9.655                     0.8239299950457197
9.665000000000001         0.8239210374699557
9.675                     0.8238355779452184
9.685                     0.8236621061387642
9.695                     0.8233941635900883
9.705                     0.823030603096832
9.715                     0.8225755275228497
9.725                     0.8220379088036255
9.735                     0.8214309030176615
9.745000000000001         0.8207708938467212
9.755                     0.8200763143852384
9.765                     0.8193663148975796
9.775                     0.8186593615712515
9.785                     0.8179718638928006
9.795                     0.81731693578126
9.805                     0.8167033925146994
9.815                     0.8161350703906566
9.825000000000001         0.8156105276830324
9.835                     0.8151231452043979
9.845                     0.8146615979189833
9.855                     0.8142106260902522
9.865                     0.8137520199334374
9.875                     0.8132658121303864
9.885                     0.8127320263566107
9.895                     0.8121342541640824
9.905                     0.8114671245418646
9.915000000000001         0.8107441543056065
9.925                     0.809985997928
9.935                     0.8091880920173072
9.945                     0.8083225623205065
9.955                     0.80737014337668
9.965                     0.8063294819930599
9.975                     0.8052092026308613
9.985                     0.8040212861109108
9.995000000000001         0.8027783141975529
