0.005                     1.9410688001080663
0.015                     0.7816745319921842
0.025                     0.8840119780905475
0.035                     0.7525678850556189
0.045                     0.6234527153758189
0.055                     0.6330428919024165
0.065                     0.689141865611758
0.075                     0.6785024071978775
0.085                     0.6106363523556118
0.095                     0.5606437892180615
0.105                     0.5506057054637451
0.115                     0.5670057759260746
0.125                     0.585907716669267
0.135                     0.5900045976876105
0.145                     0.5801704175295035
0.155                     0.5671587852671331
0.165                     0.5575842282006411
0.17500000000000002       0.550662989115186
0.185                     0.5424817376779056
0.195                     0.53110433490162
0.20500000000000002       0.5185885309274199
0.215                     0.5092846590197895
0.225                     0.5071070024338993
0.23500000000000001       0.5140676035944445
0.245                     0.5300151251318251
0.255                     0.5527410291737176
0.265                     0.5782102410260955
0.275                     0.6012700271792053
0.28500000000000003       0.617104089529971
0.295                     0.6229222672242833
0.305                     0.6187825727625326
0.315                     0.6070033492682553
0.325                     0.5907866264121336
0.335                     0.5730481839043928
0.34500000000000003       0.5559023998673823
0.355                     0.5406652605833934
0.365                     0.5280711856113641
0.375                     0.5184949021800852
0.385                     0.5120981251891488
0.395                     0.5088964154579556
0.405                     0.5087690402282735
0.41500000000000004       0.5114379304152455
0.425                     0.5164382925397093
0.435                     0.52310129527192
0.445                     0.5305692465720591
0.455                     0.5378612681690935
0.465                     0.5439960731035197
0.47500000000000003       0.5481554152333853
0.485                     0.5498449931296331
0.495                     0.5489969722187928
0.505                     0.5459745182940158
0.515                     0.5414786599100936
0.525                     0.5363966601691937
0.535                     0.5316453681598278
0.545                     0.5280497382220415
0.555                     0.5262709489619962
0.5650000000000001        0.5267771670027092
0.5750000000000001        0.5298402995823424
0.585                     0.5355423596377742
0.595                     0.5437804630396993
0.605                     0.5542662033931869
0.615                     0.5665214781668936
0.625                     0.5798782130784428
0.635                     0.5934932970962656
0.645                     0.6063910145410926
0.655                     0.6175413644321401
0.665                     0.6259726092957048
0.675                     0.6309018337051002
0.685                     0.6318540631838329
0.6950000000000001        0.6287366718309546
0.705                     0.6218462999465681
0.715                     0.6118070207394496
0.725                     0.5994604604866445
0.735                     0.5857402341335842
0.745                     0.5715606971426446
0.755                     0.5577380199612901
0.765                     0.5449477238588543
0.775                     0.5337128269007322
0.785                     0.5244123935662592
0.795                     0.5173003285302858
0.805                     0.5125265640132659
0.8150000000000001        0.5101556054727738
0.8250000000000001        0.510179813467508
0.835                     0.5125265562547293
0.845                     0.5170595939343104
0.855                     0.5235759817084712
0.865                     0.531800631213309
0.875                     0.541381522060825
0.885                     0.5518893253461936
0.895                     0.5628255696410043
0.905                     0.5736429649196322
0.915                     0.5837796292886719
0.925                     0.5927056229108203
0.935                     0.5999759858724364
0.9450000000000001        0.6052808353251479
0.9550000000000001        0.6084817780508232
0.965                     0.6096260951133076
0.975                     0.6089354640179574
0.985                     0.6067724298606835
0.995                     0.6035928602503376
1.0050000000000001        0.5998944866087518
1.0150000000000001        0.5961702448572548
1.025                     0.5928717168125702
1.035                     0.590384192981463
1.045                     0.589011958272154
1.055                     0.588970827145312
1.065                     0.5903846151878245
1.075                     0.593282759623602
1.085                     0.5975973320008939
1.095                     0.603158987276511
1.105                     0.60969286155332
1.115                     0.6168169910853878
1.125                     0.6240473198651962
1.135                     0.6308144334915419
1.145                     0.6364972054272451
1.155                     0.6404768956405963
1.165                     0.6422115880933924
1.175                     0.6413258893939974
1.185                     0.6377068112571085
1.195                     0.6315974777094975
1.205                     0.6236902540783079
1.215                     0.6152450132154937
1.225                     0.6083041794583942
1.235                     0.6061577030132053
1.245                     0.6143037948795684
1.2550000000000001        0.6415323182024606
1.2650000000000001        0.6907867517811347
1.2750000000000001        0.6698540890458666
1.285                     0.7921645146571674
1.295                     0.6285665047258814
1.305                     0.3391005878641237
1.315                     0.27739204514849675
1.325                     0.4747378876842253
1.335                     0.6074117534045085
1.345                     0.6074940071843623
1.355                     0.5721639134427757
1.365                     0.5395985923748331
1.375                     0.5160478855291385
1.385                     0.5008147880051255
1.395                     0.4923911825772985
1.405                     0.48955787150383073
1.415                     0.4914596105554182
1.425                     0.49751200203842877
1.435                     0.507305361042627
1.445                     0.5205280288450124
1.455                     0.5369050605976367
1.465                     0.5561458927625904
1.475                     0.5778970064667607
1.485                     0.6016988714510685
1.495                     0.6269499639632571
1.5050000000000001        0.6528841304173025
1.5150000000000001        0.678570263068964
1.5250000000000001        0.7029437354339748
1.5350000000000001        0.724875596381826
1.545                     0.7432771792750852
1.555                     0.7572258520679052
1.565                     0.7660864351450025
1.575                     0.7695983889353477
1.585                     0.7679053845467056
1.595                     0.7615200531391276
1.605                     0.7512356562114547
1.615                     0.7380096857457253
1.625                     0.7228472028668526
1.635                     0.7067051515495292
1.645                     0.69042799044838
1.655                     0.6747148549185253
1.665                     0.6601121322492697
1.675                     0.6470229439904241
1.685                     0.6357255414984556
1.695                     0.6263945444265175
1.705                     0.619120996134035
1.715                     0.6139291087741003
1.725                     0.6107888028058244
1.735                     0.6096239947432579
1.745                     0.6103170757938121
1.7550000000000001        0.6127103229213978
1.7650000000000001        0.6166051976724736
1.7750000000000001        0.6217606845656608
1.7850000000000001        0.6278920176156604
1.795                     0.6346713156196644
1.805                     0.6417317150237534
1.815                     0.6486764429468311
1.825                     0.6550937925195813
1.835                     0.6605780755980989
1.845                     0.6647553781659309
1.855                     0.6673115509750527
1.865                     0.6680187058704062
1.875                     0.6667560062844166
1.885                     0.6635210556619039
1.895                     0.6584297122625982
1.905                     0.651704327635419
1.915                     0.643652583991275
1.925                     0.6346406569231672
1.935                     0.6250649723323467
1.945                     0.6153263607646182
1.955                     0.6058092560751224
1.965                     0.5968671855778956
1.975                     0.5888145472700338
1.985                     0.5819237921417185
1.995                     0.576426673711203
2.005                     0.572518123051127
2.015                     0.5703614301528708
2.025                     0.5700936403311702
2.035                     0.5718303152082187
2.045                     0.5756690072324441
2.055                     0.5816909321776167
2.065                     0.5899603960257783
2.075                     0.6005215577408675
2.085                     0.6133921191291748
2.095                     0.6285535705315523
2.105                     0.6459377491609237
2.115                     0.6654097644751867
2.125                     0.6867479076916593
2.1350000000000002        0.7096220760232731
2.145                     0.7335735394706583
2.1550000000000002        0.7580004554776995
2.165                     0.782155046711095
2.1750000000000003        0.8051591406374863
2.185                     0.8260438982657298
2.195                     0.8438161650721249
2.205                     0.8575477416779684
2.215                     0.866476116563937
2.225                     0.8700984843257684
2.235                     0.8682385561031061
2.245                     0.8610699995700537
2.255                     0.8490906846259416
2.265                     0.8330545129036988
2.275                     0.8138774920087741
2.285                     0.792538411187644
2.295                     0.7699916904040248
2.305                     0.7471031359847207
2.315                     0.7246117635436918
2.325                     0.7031150264085948
2.335                     0.6830716686725453
2.345                     0.6648157105977097
2.355                     0.648575898313643
2.365                     0.6344964244270603
2.375                     0.6226562374012128
2.3850000000000002        0.6130854885390868
2.395                     0.6057785286098999
2.4050000000000002        0.6007033956751797
2.415                     0.5978080153744038
2.4250000000000003        0.5970234529890828
2.435                     0.5982645882104836
2.445                     0.6014285849501946
2.455                     0.606391541948198
2.465                     0.6130037631159818
2.475                     0.621084198868149
2.485                     0.6304147857399055
2.495                     0.6407356389785839
2.505                     0.6517422936263332
2.515                     0.6630863725416325
2.525                     0.674381080713385
2.535                     0.6852126652944606
2.545                     0.6951583392876916
2.555                     0.703810127052181
2.565                     0.7108027725974368
2.575                     0.7158425477270257
2.585                     0.7187329145080648
2.595                     0.7193929259313502
2.605                     0.7178651812590912
2.615                     0.7143119449460437
2.625                     0.709000219608828
2.6350000000000002        0.7022785098026533
2.645                     0.6945491962669947
2.6550000000000002        0.6862406308508395
2.665                     0.6777823769613042
2.6750000000000003        0.6695858102998478
2.685                     0.6620309732071492
2.695                     0.6554594626012762
2.705                     0.6501723874874284
2.715                     0.6464320688953995
2.725                     0.6444660916997029
2.735                     0.6444724367110163
2.745                     0.6466246161864903
2.755                     0.6510759248019715
2.765                     0.6579620565782647
2.775                     0.6674014039654271
2.785                     0.6794923530073944
2.795                     0.694306836745428
2.805                     0.7118793510771818
2.815                     0.7321906423705844
2.825                     0.7551454534403139
2.835                     0.7805442228836414
2.845                     0.8080496755599407
2.855                     0.8371510240474321
2.865                     0.8671311211504658
2.875                     0.8970451476882179
2.8850000000000002        0.9257224802553976
2.895                     0.9518046550110391
2.9050000000000002        0.9738295933630275
2.915                     0.9903635688502034
2.9250000000000003        1.0001679221391029
2.935                     1.0023711815144447
2.945                     0.9966064998127521
2.955                     0.9830767529888462
2.965                     0.9625274759013804
2.975                     0.9361347070459966
2.985                     0.905338757199597
2.995                     0.8716656423316488
3.005                     0.8365730057106744
3.015                     0.8013422478757837
3.025                     0.7670217246406645
3.035                     0.7344135433272765
3.045                     0.7040907639750578
3.055                     0.676431524596319
3.065                     0.6516593463078681
3.075                     0.6298825010536345
3.085                     0.6111285579799541
3.095                     0.5953725656973645
3.105                     0.582558766638826
3.115                     0.5726164733902923
3.125                     0.5654710004208505
3.1350000000000002        0.5610505340968901
3.145                     0.5592896744723311
3.1550000000000002        0.5601301789608669
3.165                     0.5635192284582234
3.1750000000000003        0.5694053490272794
3.185                     0.5777319757994956
3.1950000000000003        0.5884285624848519
3.205                     0.6013991489116909
3.215                     0.6165084424466755
3.225                     0.6335657993269446
3.235                     0.6523080587671549
3.245                     0.6723830102015153
3.255                     0.6933363080705728
3.265                     0.7146057023990166
3.275                     0.7355271506304905
3.285                     0.7553571648062346
3.295                     0.7733140437528684
3.305                     0.7886371389525069
3.315                     0.8006583971585114
3.325                     0.8088754354051633
3.335                     0.8130123762463205
3.345                     0.813055415350148
3.355                     0.8092551424465247
3.365                     0.8020955123200924
3.375                     0.7922372158639512
3.3850000000000002        0.780448176481356
3.395                     0.7675346583564188
3.4050000000000002        0.7542835566916752
3.415                     0.7414216610334193
3.4250000000000003        0.729592976112235
3.435                     0.7193518052477774
3.4450000000000003        0.7111676025771719
3.455                     0.7054372983611064
3.465                     0.7025013443788733
3.475                     0.7026605921244652
3.485                     0.7061919374660537
3.495                     0.7133612586319328
3.505                     0.7244323699352816
3.515                     0.7396707176341386
3.525                     0.7593399580148937
3.535                     0.7836888811003396
3.545                     0.812925032343657
3.555                     0.8471702490886033
3.565                     0.8863925247268957
3.575                     0.9303091014020823
3.585                     0.9782591608338975
3.595                     1.0290534493110006
3.605                     1.0808252497505737
3.615                     1.1309325705920719
3.625                     1.1759883595385046
3.6350000000000002        1.2121048098154987
3.645                     1.2354003199892463
3.6550000000000002        1.242715183585479
3.665                     1.2323435086253673
3.6750000000000003        1.2045040261542812
3.685                     1.1613349867705576
3.6950000000000003        1.1064032389079705
3.705                     1.043934261335767
3.715                     0.9780538146953239
3.725                     0.9122549520811635
3.735                     0.8491554186992784
3.745                     0.7904928191993014
3.755                     0.7372592217603491
3.765                     0.6898867052226352
3.775                     0.6484272009884796
3.785                     0.6127003295756721
3.795                     0.5824030384206063
3.805                     0.5571850088317692
3.815                     0.5366973299604745
3.825                     0.5206219913110954
3.835                     0.5086883976897327
3.845                     0.5006814587214407
3.855                     0.4964442993387783
3.865                     0.4958774129787486
3.875                     0.49893508851368884
3.8850000000000002        0.5056191114025109
3.895                     0.5159689709522973
3.9050000000000002        0.5300470288334229
3.915                     0.5479162973038698
3.9250000000000003        0.569607716179473
3.935                     0.5950733719822723
3.9450000000000003        0.6241225492303315
3.955                     0.6563398731453208
3.9650000000000003        0.6909905363342462
3.975                     0.7269280474317387
3.985                     0.7625348153609082
3.995                     0.7957406161924093
4.005                     0.8241673654415744
4.015                     0.8454251119292623
4.025                     0.8575259585658886
4.035                     0.8593077738886736
4.045                     0.8507161009075521
4.055                     0.8328270451310125
4.065                     0.8076012077826218
4.075                     0.7774727578773414
4.085                     0.7449262187202416
4.095                     0.7121802167368867
4.105                     0.6810235642420291
4.115                     0.6527857774488449
4.125                     0.6283950764760663
4.135                     0.608477237525229
4.1450000000000005        0.593462869882996
4.155                     0.5836864035897457
4.165                     0.5794717362424744
4.175                     0.5812063576141823
4.1850000000000005        0.5894090945782621
4.195                     0.6047978598138597
4.205                     0.6283638871860534
4.215                     0.661458050676177
4.225                     0.7058920340983257
4.235                     0.7640494316603713
4.245                     0.8389824692263453
4.255                     0.9344243555634619
4.265                     1.054547619256083
4.275                     1.2031050171192819
4.285                     1.3812919668277235
4.295                     1.5834834463645475
4.305                     1.7908498545757408
4.315                     1.9665628970518063
4.325                     2.062234210407591
4.335                     2.0423236229690946
4.345                     1.910330867816371
4.355                     1.7069789394308312
4.365                     1.4821142328952914
4.375                     1.2711944832930313
4.385                     1.0906919884794326
4.3950000000000005        0.9441001956937974
4.405                     0.8287260334357365
4.415                     0.7399389724225328
4.425                     0.6731764290769108
4.4350000000000005        0.6246845593590457
4.445                     0.5916909944592109
4.455                     0.5723739850821155
4.465                     0.5657913708780666
4.4750000000000005        0.5718326398940126
4.485                     0.5912063984553
4.495                     0.6254324225264433
4.505                     0.6767280587343709
4.515                     0.7474919688275754
4.525                     0.8386897038181644
4.535                     0.9458751415600429
4.545                     1.051955515859416
4.555                     1.1210933259792162
4.565                     1.1098223627557788
4.575                     1.0036859000904497
4.585                     0.8377610850792739
4.595                     0.6646971585410589
4.605                     0.5170795227498911
4.615                     0.40329813876565845
4.625                     0.3195492971673756
4.635                     0.2589858938240547
4.6450000000000005        0.21543497757266655
4.655                     0.1842570691782873
4.665                     0.16222776334560218
4.675                     0.14722448200358018
4.6850000000000005        0.13796537888612392
4.695                     0.1338621940651582
4.705                     0.13501214242157825
4.715                     0.14238765275028006
4.7250000000000005        0.15839625167269053
4.735                     0.18829383894847282
4.745                     0.24383171285800717
4.755                     0.35286226393436115
4.765                     0.5765227115403563
4.775                     0.8983591601680959
4.785                     0.7298255482770042
4.795                     0.33381920557132244
4.805                     0.15243825501967082
4.815                     0.07877275611144866
4.825                     0.04533420818002188
4.835                     0.028339080172058283
4.845                     0.01889465695297332
4.855                     0.013273732767919976
4.865                     0.009746895165948342
4.875                     0.007442515988824996
4.885                     0.005891378960173156
4.8950000000000005        0.004827695607105321
4.905                     0.004095597379991233
4.915                     0.0036028701524400586
4.925                     0.0032978929325665983
4.9350000000000005        0.0031599308048377503
4.945                     0.0032006220963562795
4.955                     0.003483243329462935
4.965                     0.004190822113319352
4.9750000000000005        0.005886885202485644
4.985                     0.010878380086356533
4.995                     0.034026194345026996
5.005                     0.03570134095267191
5.015                     0.006043125110681005
5.025                     0.001765274371628401
5.035                     7.024848313882074E-4
5.045                     3.3054926219020354E-4
5.055                     1.7255910974201522E-4
5.065                     9.66843562173034E-5
5.075                     5.703091530856022E-5
5.085                     3.49859937733953E-5
5.095                     2.2137671894249153E-5
5.105                     1.4364617624255236E-5
5.115                     9.51745369241365E-6
5.125                     6.418014537584448E-6
5.135                     4.393739274429447E-6
5.1450000000000005        3.0475142853192066E-6
5.155                     2.138081524925659E-6
5.165                     1.5152458962938638E-6
5.175                     1.0835043278082052E-6
5.1850000000000005        7.809966727052006E-7
5.195                     5.669955670880516E-7
5.205                     4.142955062210048E-7
5.215                     3.044860692612675E-7
5.2250000000000005        2.2496209254454008E-7
5.235                     1.6700123277076358E-7
5.245                     1.245094808569634E-7
5.255                     9.319167689887522E-8
5.265                     6.999650779954334E-8
5.275                     5.274078485378519E-8
5.285                     3.9851921886119636E-8
5.295                     3.018971748429119E-8
5.305                     2.2922394432813982E-8
5.315                     1.74398630648861E-8
5.325                     1.3292465921912733E-8
5.335                     1.0147319707651787E-8
5.345                     7.756977655814787E-9
5.355                     5.936808893963083E-9
5.365                     4.548590602090551E-9
5.375                     3.488555055416812E-9
5.385                     2.6786424073998255E-9
5.3950000000000005        2.0600554211945653E-9
5.405                     1.5884455588197143E-9
5.415                     1.230248488834075E-9
5.425                     9.598899487841672E-10
5.4350000000000005        7.577564390567692E-10
5.445                     6.088281731687812E-10
5.455                     5.017426571262145E-10
5.465                     4.2803046735496115E-10
5.4750000000000005        3.8138209795673384E-10
5.485                     3.5689289760766327E-10
5.495                     3.502519396413532E-10
5.505                     3.5686512543556304E-10
5.515                     3.710638680844942E-10
5.525                     3.8581325672303454E-10
5.535                     3.93458147824563E-10
5.545                     3.8754806489267976E-10
5.555                     3.6475921824440503E-10
5.565                     3.2558780215381286E-10
5.575                     2.737293733051093E-10
5.585                     2.1612212493148055E-10
5.595                     1.68418574106922E-10
5.605                     1.8287786020896177E-10
5.615                     4.987221840268185E-10
5.625                     2.743003577501935E-9
5.635                     2.2814223334969115E-8
5.6450000000000005        1.7815671146939686E-8
5.655                     7.721722122099785E-9
5.665                     4.985358715181622E-9
5.675                     3.838953053743133E-9
5.6850000000000005        3.1431241315953983E-9
5.695                     2.5537450627272754E-9
5.705                     1.9758315738017477E-9
5.715                     1.4392504084062458E-9
5.7250000000000005        1.0005449891298147E-9
5.735                     6.79287127907489E-10
5.745                     4.5927569967233397E-10
5.755                     3.129387737823312E-10
5.765                     2.1602801598462793E-10
5.775                     1.5121554856123422E-10
5.785                     1.0711624491921316E-10
5.795                     7.648054435741217E-11
5.805                     5.472249657859006E-11
5.815                     3.892822057115402E-11
5.825                     2.72346728637554E-11
5.835                     1.8450644269035103E-11
5.845                     1.1828741053507307E-11
5.855                     6.924377158968919E-12
5.865                     3.497673312643519E-12
5.875                     1.4211050802100247E-12
5.885                     5.733488945978163E-13
5.8950000000000005        7.390258429903039E-13
5.905                     1.5783262273280754E-12
5.915                     2.7059452999511833E-12
5.925                     3.819628528986295E-12
5.9350000000000005        4.775042576193222E-12
5.945                     5.576987916661984E-12
5.955                     6.335291429398084E-12
5.965                     7.239938708851567E-12
5.9750000000000005        8.585292272643703E-12
5.985                     1.0867112879200373E-11
5.995                     1.4990518545386257E-11
6.005                     2.2610524000244518E-11
6.015000000000001         3.6327262191368695E-11
6.025                     5.828454752917356E-11
6.035                     8.530904980096926E-11
6.045                     1.0747650513078495E-10
6.055                     1.1929667426895307E-10
6.065                     1.2447231224349126E-10
6.075                     1.2822819343751205E-10
6.085                     1.334707044600778E-10
6.095                     1.4143138056042602E-10
6.105                     1.5268039265232288E-10
6.115                     1.6762643924327494E-10
6.125                     1.8669985961718827E-10
6.135                     2.1040225950891792E-10
6.1450000000000005        2.393064888534058E-10
6.155                     2.7405304934824567E-10
6.165                     3.154114952731898E-10
6.175                     3.645814861347615E-10
6.1850000000000005        4.242082024717931E-10
6.195                     5.013800992561164E-10
6.205                     6.160135260050846E-10
6.215                     8.239865161548414E-10
6.2250000000000005        1.282171276740334E-9
6.235                     2.442271320622961E-9
6.245                     5.6976525613458716E-9
6.255                     1.584119833862238E-8
6.265000000000001         5.089511748122453E-8
6.275                     1.8915301923420857E-7
6.285                     9.278324479577265E-7
6.295                     8.773977614223726E-6
6.305                     1.5086254160094827E-5
6.315                     5.362291252885726E-6
6.325                     3.6917342592111497E-6
6.335                     3.4265383039611493E-6
6.345                     3.7291032960498836E-6
6.355                     4.486391799988625E-6
6.365                     5.796369032154291E-6
6.375                     7.918722104839498E-6
6.385                     1.1342727741625063E-5
6.3950000000000005        1.6960363603860417E-5
6.405                     2.642113859549121E-5
6.415                     4.283045047039104E-5
6.425                     7.192369268032131E-5
6.4350000000000005        1.2171056496448004E-4
6.445                     1.6577315561759374E-4
6.455                     0.0012490615261018837
6.465                     1.4075426569853424
6.4750000000000005        8.462263290874456E-5
6.485                     0.0028026234204330328
6.495                     0.03963993174351101
6.505                     0.7734409641940675
6.515000000000001         0.6283127512079302
6.525                     0.023273736938342962
6.535                     0.02550671618141553
6.545                     0.0322064674633384
6.555                     0.049364354892801714
6.565                     0.09624191392053558
6.575                     0.26601888540608076
6.585                     0.8880993590297861
6.595                     0.4915842064348486
6.605                     0.1885403481583187
6.615                     0.10513963305325219
6.625                     0.07485046332122586
6.635                     0.06282913967829089
6.6450000000000005        0.05984954774217386
6.655                     0.0636120387000149
6.665                     0.0751723617123751
6.675                     0.0995533134073006
6.6850000000000005        0.15087665603919673
6.695                     0.2709579872822691
6.705                     0.5808504294102289
6.715                     1.009199798977604
6.7250000000000005        0.6564020887948101
6.735                     0.3210808178783578
6.745                     0.18590131040145297
6.755                     0.12774329735084403
6.765000000000001         0.10044182319056576
6.775                     0.08826098796847082
6.785                     0.085711946685327
6.795                     0.09186617501942222
6.805                     0.10958690553052435
6.815                     0.14861431894619478
6.825                     0.2390240087162263
6.835                     0.49260592279727494
6.845                     1.339841232229364
6.855                     1.587791891218964
6.865                     0.5897013179562322
6.875                     0.2757979099427204
6.885                     0.1725976618828323
6.8950000000000005        0.1352347448409335
6.905                     0.13014068929457634
6.915                     0.15855128491499854
6.925                     0.2749804755928107
6.9350000000000005        1.032018666291429
6.945                     2.992286938583802
6.955                     0.2761367396680801
6.965                     0.09225448281783544
6.9750000000000005        0.05563910541218369
6.985                     0.059401741651945915
6.995                     0.24587706966514505
7.005                     0.06308674808583781
7.015000000000001         0.004610646894064402
7.025                     9.413248103888101E-4
7.035                     2.9152386216825505E-4
7.045                     1.2090303288266288E-4
7.055                     6.594511950616738E-5
7.065                     4.786541210116481E-5
7.075                     4.6397902100616005E-5
7.085                     5.888428209632733E-5
7.095                     9.472550237359209E-5
7.105                     1.8888139744693545E-4
7.115                     4.705219755585535E-4
7.125                     0.001561899891824318
7.135                     0.008553136508920277
7.1450000000000005        0.226518999579653
7.155                     0.13712940586691422
7.165                     0.06646191860493741
7.175                     0.0989859308827745
7.1850000000000005        0.3477964299957112
7.195                     0.883230495081127
7.205                     0.2532419237713429
7.215                     0.15022099692873606
7.2250000000000005        0.15579705303805289
7.235                     0.25556031444604205
7.245                     0.6310842454318327
7.255                     0.8991674758148106
7.265000000000001         0.4397960960745175
7.275                     0.27639995323094957
7.285                     0.25632184184549506
7.295                     0.33370690056360774
7.305                     0.5797136380918539
7.315                     0.9871186216090752
7.325                     0.8512466608307288
7.335                     0.5490237264132856
7.345                     0.4330539887371241
7.355                     0.4424459328014656
7.365                     0.567239824698957
7.375                     0.8360232396692813
7.385                     1.1090248144934225
7.3950000000000005        1.0296449987294387
7.405                     0.798041121417774
7.415                     0.6628794701383958
7.425                     0.6350615751681422
7.4350000000000005        0.69695819873886
7.445                     0.8417528700839536
7.455                     1.0348164365417687
7.465                     1.1607644836231208
7.4750000000000005        1.1201647336462197
7.485                     0.982820841840033
7.495                     0.85837809056048
7.505                     0.78676004260259
7.515000000000001         0.7693179960881448
7.525                     0.8003902388535927
7.535                     0.8743155988960148
7.545                     0.9808391310065115
7.555                     1.0961171723711198
7.565                     1.1804849419707788
7.575                     1.1986919010444752
7.585                     1.149585587872531
7.595                     1.0640852473213753
7.605                     0.9762015421499636
7.615                     0.9059539203301773
7.625                     0.8607873668877306
7.635                     0.8419793455003387
7.6450000000000005        0.8489850148129964
7.655                     0.8812698246363736
7.665                     0.938572623280372
7.675                     1.0201210633431708
7.6850000000000005        1.1228748009533078
7.695                     1.2389443860549252
7.705                     1.3533151528486023
7.715                     1.4447008475175882
7.7250000000000005        1.4923279013609914
7.735                     1.4863298384618948
7.745                     1.4331380874694792
7.755                     1.350630086780993
7.765000000000001         1.2583554379645774
7.775                     1.1709215892637646
7.785                     1.0966577121282222
7.795                     1.0391776223711715
7.805000000000001         0.9994180994230933
7.815                     0.977143273995199
7.825                     0.9718121396563961
7.835                     0.9829819014454311
7.845                     1.0104088976546797
7.855                     1.0539272247092117
7.865                     1.1131085697153984
7.875                     1.1866587186646664
7.885                     1.2715177562192392
7.8950000000000005        1.361768881159516
7.905                     1.4478014709585507
7.915                     1.5166433411547775
7.925                     1.554468956504789
7.9350000000000005        1.5511817754928598
7.945                     1.504809104013086
7.955                     1.4225241790377094
7.965                     1.3174015503327012
7.9750000000000005        1.203372439494798
7.985                     1.0915075423950626
7.995                     0.988769828044453
8.005                     0.8985267349720986
8.015                     0.82169311079437
8.025                     0.7577974962374957
8.035                     0.7057345680351883
8.045                     0.6642164338154224
8.055                     0.6320103667672796
8.065                     0.6080464623162695
8.075                     0.5914537600990475
8.085                     0.5815602538202724
8.095                     0.5778760732513148
8.105                     0.5800690502716472
8.115                     0.5879357993741064
8.125                     0.601367667183824
8.135                     0.6203083177477088
8.145                     0.6446978202983008
8.155                     0.6743969888991519
8.165000000000001         0.7090862306702826
8.175                     0.7481370942930429
8.185                     0.7904647043320863
8.195                     0.8343878155218892
8.205                     0.877549438442364
8.215                     0.9169744557349855
8.225                     0.9493389157922466
8.235                     0.9714705790334763
8.245000000000001         0.9809877745703423
8.255                     0.9768661568698402
8.265                     0.959696296099109
8.275                     0.9315139108928723
8.285                     0.8952849062287385
8.295                     0.8542689592727332
8.305                     0.8114843997896726
8.315                     0.7693907042612427
8.325                     0.72978784670882
8.335                     0.6938660491836061
8.345                     0.662329279817903
8.355                     0.6355357223932651
8.365                     0.6136241694113109
8.375                     0.5966149168644332
8.385                     0.584485022419521
8.395                     0.5772227294055008
8.405                     0.5748671290585968
8.415000000000001         0.5775387228405976
8.425                     0.5854656013270317
8.435                     0.5990090077923601
8.445                     0.6186912673631652
8.455                     0.6452283879566724
8.465                     0.6795688525793152
8.475                     0.7229388259136884
8.485                     0.7768913370635283
8.495000000000001         0.8433515893702909
8.505                     0.9246396397907178
8.515                     1.0234308902558127
8.525                     1.142577844073926
8.535                     1.2846572982171802
8.545                     1.4510318854815034
8.555                     1.6401737791566753
8.565                     1.8451494505952304
8.575000000000001         2.050811834769754
8.585                     2.2325970843273923
8.595                     2.3600714868033594
8.605                     2.406903321352878
8.615                     2.363060123521171
8.625                     2.2400707256445025
8.635                     2.064702230963315
8.645                     1.8667266916124416
8.655                     1.6696588646162804
8.665000000000001         1.4878279416192464
8.675                     1.3277754589773019
8.685                     1.190980071533255
8.695                     1.0762219394873243
8.705                     0.9811418697989617
8.715                     0.9031136413520597
8.725                     0.8396681380788856
8.735                     0.7886640618147069
8.745000000000001         0.7483297654668671
8.755                     0.7172465656112313
8.765                     0.6943100457870043
8.775                     0.6786867707243007
8.785                     0.6697736633104204
8.795                     0.6671620390122815
8.805                     0.6706054214691924
8.815                     0.6799885105548585
8.825000000000001         0.6952930674189032
8.835                     0.7165546783375982
8.845                     0.7438020999119751
8.855                     0.776968416258013
8.865                     0.8157616101865357
8.875                     0.8594840429099908
8.885                     0.9068009769329403
8.895                     0.9554854381170016
8.905                     1.0022167803874558
8.915000000000001         1.042575940349802
8.925                     1.0714202914738833
8.935                     1.0837538534693518
8.945                     1.0759696323932573
8.955                     1.0470104918912004
8.965                     0.9988510361603924
8.975                     0.9359868541749672
8.985                     0.86418051059221
8.995000000000001         0.7890869778146344
9.005                     0.7152941579927936
9.015                     0.6459502493358502
9.025                     0.5828456818896885
9.035                     0.5267187655625991
9.045                     0.4776022340366021
9.055                     0.4351157209076367
9.065                     0.3986764181542371
9.075000000000001         0.36763490250363584
9.085                     0.34135469622979764
9.095                     0.3192541100456646
9.105                     0.3008248560770717
9.115                     0.2856374562323746
9.125                     0.273339890031199
9.135                     0.26365342613238385
9.145                     0.2563679828297004
9.155                     0.2513384158471992
9.165000000000001         0.2484826305241486
9.175                     0.24778221965422922
9.185                     0.24928636003656762
9.195                     0.25311993647161735
9.205                     0.2594973310047027
9.215                     0.2687441118677989
9.225                     0.2813301728606038
9.235                     0.29792007064481296
9.245000000000001         0.31945006158617817
9.255                     0.34724794760986993
9.265                     0.3832238675014316
9.275                     0.4301828887685822
9.285                     0.4923549765894688
9.295                     0.5763300687410231
9.305                     0.6927856973663659
9.315                     0.859851646319083
9.325000000000001         1.1100615063309316
9.335                     1.5056362837370556
9.345                     2.173852281162666
9.355                     3.3871893246743463
9.365                     5.670741181729968
9.375                     9.13898064354626
9.385                     10.00406856194029
9.395                     6.545630874110634
9.405                     3.677830850949783
9.415000000000001         2.1715486986632
9.425                     1.3873579024994336
9.435                     0.9487788307096798
9.445                     0.6848263176709657
9.455                     0.5158450580670635
9.465                     0.4020959205588997
9.475                     0.32234289052270854
9.485                     0.2645294649382781
9.495000000000001         0.22144769956274926
9.505                     0.18859504161508986
9.515                     0.16305172563015824
9.525                     0.14286265875599516
9.535                     0.12668193392721416
9.545                     0.11356045400817788
9.555                     0.10281474583224645
9.565                     0.09394350511760595
9.575000000000001         0.08657310398539204
9.585                     0.08042117642364585
9.595                     0.07527177803922831
9.605                     0.07095812879239817
9.615                     0.06735042953647756
9.625                     0.06434714055047512
9.635                     0.061868666484151985
9.645                     0.05985274462930292
9.655                     0.05825106147709048
9.665000000000001         0.057026773139426445
9.675                     0.05615270680168052
9.685                     0.055610090617004254
9.695                     0.055387709534684554
9.705                     0.05548142180190263
9.715                     0.05589400038696085
9.725                     0.05663528895843187
9.735                     0.05772268643728933
9.745000000000001         0.05918200035640018
9.755                     0.06104874053609645
9.765                     0.06336996509766356
9.775                     0.06620684635144723
9.785                     0.06963820342478375
9.795                     0.07376536531789335
9.805                     0.07871890433840528
9.815                     0.08466805211311018
9.825000000000001         0.09183403998493164
9.835                     0.10050929968743112
9.845                     0.11108560940894237
9.855                     0.12409622540473872
9.865                     0.14028046594575755
9.875                     0.16068542394740895
9.885                     0.18683116628084903
9.895                     0.22098870680201718
9.905                     0.26666727943190205
9.915000000000001         0.3295103458432596
9.925                     0.41903895463376994
9.935                     0.5522807691912069
9.945                     0.76196674826327
9.955                     1.1169745271113973
9.965                     1.7797196167075935
9.975                     3.1883808733882573
9.985                     6.631523012110184
9.995000000000001         13.79659619816768
